t	rx	ry	rz	dx	dy	dz	diff_norm
0	1	1	1	1	1	1	0
0.01	0.980162	1.01191	0.955946	0.980162	1.01191	0.955946	1.76181e-09
0.02	0.960637	1.02365	0.913739	0.960637	1.02365	0.913739	3.4038e-09
0.03	0.941409	1.03522	0.873313	0.941409	1.03522	0.873313	4.93011e-09
0.04	0.922461	1.04662	0.834603	0.922461	1.04662	0.834603	6.34498e-09
0.05	0.903779	1.05786	0.797546	0.903779	1.05786	0.797546	7.65266e-09
0.06	0.885349	1.06893	0.762079	0.885349	1.06893	0.762079	8.85743e-09
0.07	0.867155	1.07984	0.728143	0.867155	1.07984	0.728143	9.96356e-09
0.08	0.849185	1.09059	0.69568	0.849185	1.09059	0.69568	1.09753e-08
0.09	0.831425	1.10119	0.664632	0.831425	1.10119	0.664632	1.18969e-08
0.1	0.813864	1.11163	0.634945	0.813864	1.11163	0.634945	1.27325e-08
0.11	0.79649	1.12191	0.606566	0.79649	1.12191	0.606566	1.34862e-08
0.12	0.779291	1.13204	0.579442	0.779291	1.13204	0.579442	1.4162e-08
0.13	0.762257	1.14203	0.553524	0.762257	1.14203	0.553524	1.4764e-08
0.14	0.745377	1.15186	0.528763	0.745377	1.15186	0.528763	1.5296e-08
0.15	0.728641	1.16154	0.505112	0.728641	1.16154	0.505112	1.57617e-08
0.16	0.71204	1.17108	0.482526	0.71204	1.17108	0.482526	1.61648e-08
0.17	0.695566	1.18047	0.460962	0.695566	1.18047	0.460962	1.6509e-08
0.18	0.679209	1.18971	0.440376	0.679209	1.18971	0.440376	1.67976e-08
0.19	0.662962	1.19881	0.420728	0.662962	1.19881	0.420728	1.7034e-08
0.2	0.646816	1.20777	0.401978	0.646816	1.20777	0.401978	1.72215e-08
0.21	0.630764	1.21658	0.38409	0.630764	1.21658	0.38409	1.73631e-08
0.22	0.6148	1.22525	0.367026	0.6148	1.22525	0.367025	1.74618e-08
0.23	0.598917	1.23377	0.35075	0.598917	1.23377	0.35075	1.75206e-08
0.24	0.583108	1.24216	0.33523	0.583108	1.24216	0.33523	1.75421e-08
0.25	0.567367	1.25041	0.320433	0.567367	1.25041	0.320433	1.75291e-08
0.26	0.551689	1.25851	0.306327	0.551689	1.25851	0.306327	1.74841e-08
0.27	0.536068	1.26647	0.292882	0.536068	1.26647	0.292882	1.74095e-08
0.28	0.5205	1.2743	0.280069	0.5205	1.2743	0.280069	1.73076e-08
0.29	0.50498	1.28198	0.26786	0.50498	1.28198	0.26786	1.71807e-08
0.3	0.489502	1.28952	0.256229	0.489502	1.28952	0.256229	1.70307e-08
0.31	0.474063	1.29693	0.24515	0.474063	1.29693	0.24515	1.68598e-08
0.32	0.458659	1.30419	0.234599	0.458659	1.30419	0.234598	1.66697e-08
0.33	0.443286	1.31132	0.22455	0.443286	1.31132	0.22455	1.64624e-08
0.34	0.427941	1.3183	0.214983	0.427941	1.3183	0.214983	1.62394e-08
0.35	0.412619	1.32515	0.205875	0.412619	1.32515	0.205875	1.60024e-08
0.36	0.397319	1.33186	0.197206	0.397319	1.33186	0.197206	1.5753e-08
0.37	0.382037	1.33842	0.188954	0.382037	1.33842	0.188954	1.54925e-08
0.38	0.366771	1.34485	0.181102	0.366771	1.34485	0.181102	1.52223e-08
0.39	0.351517	1.35114	0.173631	0.351517	1.35114	0.173631	1.49436e-08
0.4	0.336274	1.35729	0.166523	0.336274	1.35729	0.166523	1.46576e-08
0.41	0.32104	1.36329	0.159762	0.32104	1.36329	0.159762	1.43656e-08
0.42	0.305813	1.36916	0.153331	0.305813	1.36916	0.153331	1.40684e-08
0.43	0.29059	1.37489	0.147215	0.29059	1.37489	0.147215	1.37671e-08
0.44	0.27537	1.38047	0.141399	0.27537	1.38047	0.141399	1.34625e-08
0.45	0.260152	1.38592	0.13587	0.260152	1.38592	0.13587	1.31556e-08
0.46	0.244934	1.39122	0.130613	0.244934	1.39122	0.130613	1.28472e-08
0.47	0.229715	1.39638	0.125615	0.229715	1.39638	0.125615	1.25378e-08
0.48	0.214494	1.4014	0.120866	0.214494	1.4014	0.120866	1.22283e-08
0.49	0.199269	1.40628	0.116351	0.199269	1.40628	0.116351	1.19193e-08
0.5	0.184041	1.41101	0.112062	0.184041	1.41101	0.112062	1.16113e-08
0.51	0.168808	1.4156	0.107985	0.168808	1.4156	0.107985	1.13048e-08
0.52	0.153569	1.42005	0.104112	0.153569	1.42005	0.104112	1.10004e-08
0.53	0.138324	1.42435	0.100433	0.138324	1.42435	0.100433	1.06986e-08
0.54	0.123073	1.42851	0.0969379	0.123073	1.42851	0.0969379	1.03996e-08
0.55	0.107815	1.43253	0.0936179	0.107815	1.43253	0.0936179	1.01039e-08
0.56	0.0925502	1.4364	0.0904645	0.0925502	1.4364	0.0904645	9.81179e-09
0.57	0.077278	1.44012	0.0874697	0.077278	1.44012	0.0874697	9.52362e-09
0.58	0.0619984	1.4437	0.0846257	0.0619984	1.4437	0.0846256	9.23964e-09
0.59	0.0467114	1.44714	0.0819249	0.0467114	1.44714	0.0819249	8.96009e-09
0.6	0.0314171	1.45043	0.0793604	0.0314171	1.45043	0.0793604	8.68518e-09
0.61	0.0161157	1.45357	0.0769255	0.0161157	1.45357	0.0769255	8.4151e-09
0.62	0.000807361	1.45656	0.0746136	0.00080736	1.45656	0.0746136	8.15002e-09
0.63	-0.0145077	1.45941	0.0724188	-0.0145077	1.45941	0.0724187	7.89007e-09
0.64	-0.0298291	1.46211	0.070335	-0.0298291	1.46211	0.070335	7.63538e-09
0.65	-0.0451564	1.46466	0.0683568	-0.0451564	1.46466	0.0683568	7.38605e-09
0.66	-0.0604893	1.46707	0.0664789	-0.0604893	1.46707	0.0664789	7.14216e-09
0.67	-0.0758271	1.46932	0.0646961	-0.0758272	1.46932	0.0646961	6.90378e-09
0.68	-0.0911694	1.47143	0.0630038	-0.0911694	1.47143	0.0630038	6.67095e-09
0.69	-0.106516	1.47338	0.0613973	-0.106516	1.47338	0.0613973	6.4437e-09
0.7	-0.121865	1.47519	0.0598723	-0.121865	1.47519	0.0598723	6.22206e-09
0.71	-0.137217	1.47685	0.0584246	-0.137217	1.47685	0.0584246	6.00604e-09
0.72	-0.15257	1.47835	0.0570503	-0.15257	1.47835	0.0570503	5.79563e-09
0.73	-0.167924	1.47971	0.0557456	-0.167924	1.47971	0.0557456	5.59081e-09
0.74	-0.183279	1.48091	0.0545069	-0.183279	1.48091	0.0545069	5.39157e-09
0.75	-0.198632	1.48197	0.0533309	-0.198632	1.48197	0.0533309	5.19786e-09
0.76	-0.213984	1.48287	0.0522143	-0.213984	1.48287	0.0522143	5.00964e-09
0.77	-0.229334	1.48362	0.051154	-0.229334	1.48362	0.051154	4.82687e-09
0.78	-0.244679	1.48421	0.0501471	-0.244679	1.48421	0.0501471	4.6495e-09
0.79	-0.260021	1.48466	0.0491909	-0.260021	1.48466	0.0491909	4.47744e-09
0.8	-0.275356	1.48495	0.0482827	-0.275356	1.48495	0.0482827	4.31065e-09
0.81	-0.290685	1.48509	0.04742	-0.290685	1.48509	0.04742	4.14904e-09
0.82	-0.306006	1.48508	0.0466004	-0.306006	1.48508	0.0466004	3.99254e-09
0.83	-0.321318	1.48491	0.0458216	-0.321318	1.48491	0.0458216	3.84107e-09
0.84	-0.33662	1.48459	0.0450815	-0.33662	1.48459	0.0450815	3.69455e-09
0.85	-0.351911	1.48412	0.0443781	-0.351911	1.48412	0.0443781	3.55288e-09
0.86	-0.36719	1.48349	0.0437095	-0.36719	1.48349	0.0437095	3.41597e-09
0.87	-0.382455	1.48271	0.0430737	-0.382455	1.48271	0.0430737	3.28375e-09
0.88	-0.397705	1.48177	0.042469	-0.397705	1.48177	0.042469	3.1561e-09
0.89	-0.412939	1.48068	0.0418939	-0.412939	1.48068	0.0418939	3.03294e-09
0.9	-0.428156	1.47944	0.0413466	-0.428156	1.47944	0.0413466	2.91418e-09
0.91	-0.443355	1.47804	0.0408258	-0.443355	1.47804	0.0408258	2.79971e-09
0.92	-0.458533	1.47648	0.04033	-0.458533	1.47648	0.04033	2.68944e-09
0.93	-0.47369	1.47477	0.0398579	-0.47369	1.47477	0.0398579	2.58327e-09
0.94	-0.488825	1.47291	0.0394082	-0.488825	1.47291	0.0394082	2.48111e-09
0.95	-0.503936	1.47089	0.0389797	-0.503936	1.47089	0.0389797	2.38286e-09
0.96	-0.519022	1.46871	0.0385713	-0.519022	1.46871	0.0385713	2.28842e-09
0.97	-0.534081	1.46638	0.0381818	-0.534081	1.46638	0.0381818	2.1977e-09
0.98	-0.549113	1.4639	0.0378104	-0.549113	1.4639	0.0378104	2.11061e-09
0.99	-0.564115	1.46125	0.0374559	-0.564115	1.46125	0.0374559	2.02704e-09
1	-0.579087	1.45846	0.0371175	-0.579087	1.45846	0.0371175	1.94692e-09
1.01	-0.594026	1.45551	0.0367943	-0.594026	1.45551	0.0367943	1.87014e-09
1.02	-0.608932	1.4524	0.0364856	-0.608932	1.4524	0.0364856	1.79661e-09
1.03	-0.623803	1.44914	0.0361904	-0.623803	1.44914	0.0361904	1.72625e-09
1.04	-0.638638	1.44572	0.0359081	-0.638638	1.44572	0.0359081	1.65898e-09
1.05	-0.653435	1.44215	0.035638	-0.653435	1.44215	0.035638	1.59469e-09
1.06	-0.668193	1.43842	0.0353794	-0.668193	1.43842	0.0353794	1.53332e-09
1.07	-0.682911	1.43454	0.0351317	-0.682911	1.43454	0.0351317	1.47477e-09
1.08	-0.697586	1.4305	0.0348944	-0.697586	1.4305	0.0348944	1.41896e-09
1.09	-0.712218	1.42631	0.0346668	-0.712218	1.42631	0.0346668	1.36582e-09
1.1	-0.726805	1.42196	0.0344484	-0.726805	1.42196	0.0344484	1.31526e-09
1.11	-0.741346	1.41746	0.0342387	-0.741346	1.41746	0.0342387	1.26721e-09
1.12	-0.755839	1.4128	0.0340374	-0.755839	1.4128	0.0340374	1.22159e-09
1.13	-0.770282	1.40799	0.0338438	-0.770282	1.40799	0.0338438	1.17831e-09
1.14	-0.784675	1.40303	0.0336576	-0.784675	1.40303	0.0336576	1.13732e-09
1.15	-0.799016	1.39791	0.0334785	-0.799016	1.39791	0.0334785	1.09853e-09
1.16	-0.813303	1.39264	0.033306	-0.813303	1.39264	0.033306	1.06187e-09
1.17	-0.827534	1.38722	0.0331397	-0.827534	1.38722	0.0331397	1.02726e-09
1.18	-0.841709	1.38164	0.0329795	-0.841709	1.38164	0.0329795	9.94647e-10
1.19	-0.855826	1.37591	0.0328248	-0.855826	1.37591	0.0328248	9.63944e-10
1.2	-0.869883	1.37003	0.0326755	-0.869883	1.37003	0.0326755	9.35086e-10
1.21	-0.88388	1.36399	0.0325312	-0.88388	1.36399	0.0325312	9.08e-10
1.22	-0.897813	1.35781	0.0323918	-0.897813	1.35781	0.0323918	8.82618e-10
1.23	-0.911683	1.35147	0.0322568	-0.911683	1.35147	0.0322568	8.58869e-10
1.24	-0.925487	1.34498	0.0321262	-0.925487	1.34498	0.0321262	8.36686e-10
1.25	-0.939225	1.33834	0.0319997	-0.939225	1.33834	0.0319997	8.15998e-10
1.26	-0.952894	1.33155	0.0318771	-0.952894	1.33155	0.0318771	7.96738e-10
1.27	-0.966493	1.32461	0.0317582	-0.966493	1.32461	0.0317582	7.78838e-10
1.28	-0.98002	1.31752	0.0316427	-0.98002	1.31752	0.0316427	7.62231e-10
1.29	-0.993475	1.31028	0.0315306	-0.993475	1.31028	0.0315306	7.46852e-10
1.3	-1.00686	1.30289	0.0314217	-1.00686	1.30289	0.0314217	7.32636e-10
1.31	-1.02016	1.29535	0.0313158	-1.02016	1.29535	0.0313158	7.19517e-10
1.32	-1.03339	1.28767	0.0312127	-1.03339	1.28767	0.0312127	7.07435e-10
1.33	-1.04654	1.27983	0.0311124	-1.04654	1.27983	0.0311124	6.96328e-10
1.34	-1.05961	1.27185	0.0310147	-1.05961	1.27185	0.0310146	6.86136e-10
1.35	-1.0726	1.26373	0.0309194	-1.0726	1.26373	0.0309194	6.76803e-10
1.36	-1.0855	1.25546	0.0308265	-1.0855	1.25546	0.0308265	6.68272e-10
1.37	-1.09832	1.24704	0.0307359	-1.09832	1.24704	0.0307359	6.60491e-10
1.38	-1.11105	1.23848	0.0306474	-1.11105	1.23848	0.0306474	6.53407e-10
1.39	-1.1237	1.22977	0.030561	-1.1237	1.22977	0.030561	6.46971e-10
1.4	-1.13626	1.22093	0.0304766	-1.13626	1.22093	0.0304766	6.41138e-10
1.41	-1.14873	1.21193	0.0303941	-1.14873	1.21193	0.0303941	6.35862e-10
1.42	-1.16111	1.2028	0.0303134	-1.16111	1.2028	0.0303134	6.31101e-10
1.43	-1.17339	1.19352	0.0302344	-1.17339	1.19352	0.0302344	6.26817e-10
1.44	-1.18558	1.18411	0.0301571	-1.18558	1.18411	0.0301571	6.22971e-10
1.45	-1.19768	1.17455	0.0300814	-1.19768	1.17455	0.0300814	6.19528e-10
1.46	-1.20967	1.16485	0.0300072	-1.20967	1.16485	0.0300072	6.16456e-10
1.47	-1.22157	1.15501	0.0299346	-1.22157	1.15501	0.0299346	6.13725e-10
1.48	-1.23337	1.14504	0.0298633	-1.23337	1.14504	0.0298633	6.11305e-10
1.49	-1.24507	1.13493	0.0297935	-1.24507	1.13493	0.0297935	6.09171e-10
1.5	-1.25667	1.12468	0.029725	-1.25667	1.12468	0.029725	6.07298e-10
1.51	-1.26816	1.11429	0.0296577	-1.26816	1.11429	0.0296577	6.05664e-10
1.52	-1.27955	1.10377	0.0295918	-1.27955	1.10377	0.0295918	6.04247e-10
1.53	-1.29083	1.09312	0.029527	-1.29083	1.09312	0.029527	6.03029e-10
1.54	-1.302	1.08233	0.0294634	-1.302	1.08233	0.0294634	6.01991e-10
1.55	-1.31306	1.07141	0.0294009	-1.31306	1.07141	0.0294009	6.01117e-10
1.56	-1.32401	1.06035	0.0293396	-1.32401	1.06035	0.0293396	6.00392e-10
1.57	-1.33485	1.04917	0.0292793	-1.33485	1.04917	0.0292793	5.99803e-10
1.58	-1.34558	1.03785	0.02922	-1.34558	1.03785	0.02922	5.99337e-10
1.59	-1.3562	1.02641	0.0291618	-1.3562	1.02641	0.0291618	5.98983e-10
1.6	-1.36669	1.01483	0.0291046	-1.36669	1.01483	0.0291046	5.9873e-10
1.61	-1.37707	1.00313	0.0290484	-1.37707	1.00313	0.0290484	5.98567e-10
1.62	-1.38734	0.991306	0.0289931	-1.38734	0.991306	0.0289931	5.98488e-10
1.63	-1.39748	0.979352	0.0289387	-1.39748	0.979352	0.0289387	5.98482e-10
1.64	-1.4075	0.967274	0.0288852	-1.4075	0.967274	0.0288852	5.98544e-10
1.65	-1.4174	0.955072	0.0288326	-1.4174	0.955072	0.0288326	5.98666e-10
1.66	-1.42718	0.942746	0.0287809	-1.42718	0.942746	0.0287809	5.98843e-10
1.67	-1.43683	0.930299	0.0287301	-1.43683	0.930299	0.0287301	5.99068e-10
1.68	-1.44636	0.917731	0.0286801	-1.44636	0.917731	0.0286801	5.99337e-10
1.69	-1.45576	0.905043	0.0286309	-1.45576	0.905043	0.0286309	5.99646e-10
1.7	-1.46503	0.892237	0.0285826	-1.46503	0.892237	0.0285826	5.99989e-10
1.71	-1.47418	0.879312	0.028535	-1.47418	0.879312	0.028535	6.00363e-10
1.72	-1.48319	0.866271	0.0284883	-1.48319	0.866271	0.0284883	6.00765e-10
1.73	-1.49207	0.853114	0.0284423	-1.49207	0.853114	0.0284423	6.01191e-10
1.74	-1.50082	0.839842	0.0283971	-1.50082	0.839842	0.0283971	6.01639e-10
1.75	-1.50943	0.826457	0.0283526	-1.50943	0.826457	0.0283526	6.02106e-10
1.76	-1.51792	0.81296	0.0283089	-1.51792	0.81296	0.0283089	6.0259e-10
1.77	-1.52626	0.799351	0.028266	-1.52626	0.799351	0.028266	6.03087e-10
1.78	-1.53447	0.785632	0.0282238	-1.53447	0.785632	0.0282238	6.03597e-10
1.79	-1.54254	0.771805	0.0281823	-1.54254	0.771805	0.0281823	6.04118e-10
1.8	-1.55047	0.757869	0.0281416	-1.55047	0.757869	0.0281416	6.04648e-10
1.81	-1.55826	0.743827	0.0281015	-1.55826	0.743827	0.0281015	6.05185e-10
1.82	-1.5659	0.72968	0.0280622	-1.5659	0.72968	0.0280622	6.05728e-10
1.83	-1.57341	0.715428	0.0280236	-1.57341	0.715428	0.0280236	6.06276e-10
1.84	-1.58077	0.701074	0.0279857	-1.58077	0.701074	0.0279857	6.06828e-10
1.85	-1.58799	0.686617	0.0279484	-1.58799	0.686617	0.0279484	6.07383e-10
1.86	-1.59506	0.672061	0.0279119	-1.59506	0.672061	0.0279119	6.0794e-10
1.87	-1.60199	0.657405	0.027876	-1.60199	0.657405	0.027876	6.08498e-10
1.88	-1.60877	0.642651	0.0278409	-1.60877	0.642651	0.0278409	6.09056e-10
1.89	-1.6154	0.6278	0.0278064	-1.6154	0.6278	0.0278064	6.09614e-10
1.9	-1.62188	0.612855	0.0277726	-1.62188	0.612855	0.0277726	6.10171e-10
1.91	-1.62821	0.597815	0.0277394	-1.62821	0.597815	0.0277394	6.10727e-10
1.92	-1.63439	0.582682	0.027707	-1.63439	0.582682	0.027707	6.11281e-10
1.93	-1.64042	0.567458	0.0276752	-1.64042	0.567458	0.0276752	6.11833e-10
1.94	-1.64629	0.552144	0.027644	-1.64629	0.552144	0.027644	6.12382e-10
1.95	-1.65202	0.536741	0.0276135	-1.65202	0.536741	0.0276135	6.12928e-10
1.96	-1.65758	0.521251	0.0275837	-1.65758	0.521251	0.0275837	6.13471e-10
1.97	-1.66299	0.505675	0.0275546	-1.66299	0.505675	0.0275546	6.14011e-10
1.98	-1.66825	0.490014	0.027526	-1.66825	0.490014	0.027526	6.14547e-10
1.99	-1.67334	0.474271	0.0274982	-1.67334	0.474271	0.0274982	6.15079e-10
2	-1.67828	0.458445	0.027471	-1.67828	0.458445	0.027471	6.15608e-10
2.01	-1.68306	0.442539	0.0274444	-1.68306	0.442539	0.0274444	6.16133e-10
2.02	-1.68768	0.426554	0.0274185	-1.68768	0.426554	0.0274185	6.16654e-10
2.03	-1.69214	0.410492	0.0273932	-1.69214	0.410492	0.0273932	6.17171e-10
2.04	-1.69644	0.394354	0.0273686	-1.69644	0.394354	0.0273686	6.17684e-10
2.05	-1.70057	0.378141	0.0273446	-1.70057	0.378141	0.0273446	6.18194e-10
2.06	-1.70455	0.361856	0.0273213	-1.70455	0.361856	0.0273213	6.18699e-10
2.07	-1.70836	0.345498	0.0272986	-1.70836	0.345498	0.0272986	6.19201e-10
2.08	-1.712	0.329071	0.0272765	-1.712	0.329071	0.0272765	6.19698e-10
2.09	-1.71548	0.312575	0.0272551	-1.71548	0.312575	0.0272551	6.20193e-10
2.1	-1.7188	0.296012	0.0272343	-1.7188	0.296012	0.0272343	6.20684e-10
2.11	-1.72195	0.279384	0.0272142	-1.72195	0.279384	0.0272142	6.21172e-10
2.12	-1.72493	0.262691	0.0271947	-1.72493	0.262691	0.0271947	6.21657e-10
2.13	-1.72775	0.245936	0.0271758	-1.72775	0.245936	0.0271758	6.22139e-10
2.14	-1.73039	0.229121	0.0271576	-1.73039	0.229121	0.0271576	6.22618e-10
2.15	-1.73287	0.212245	0.02714	-1.73287	0.212245	0.02714	6.23095e-10
2.16	-1.73518	0.195313	0.027123	-1.73518	0.195313	0.027123	6.2357e-10
2.17	-1.73732	0.178324	0.0271067	-1.73732	0.178324	0.0271067	6.24043e-10
2.18	-1.73929	0.16128	0.027091	-1.73929	0.16128	0.027091	6.24514e-10
2.19	-1.74109	0.144184	0.0270759	-1.74109	0.144184	0.0270759	6.24984e-10
2.2	-1.74271	0.127036	0.0270615	-1.74271	0.127036	0.0270615	6.25453e-10
2.21	-1.74417	0.109838	0.0270477	-1.74417	0.109838	0.0270477	6.25921e-10
2.22	-1.74545	0.0925921	0.0270346	-1.74545	0.0925921	0.0270346	6.26389e-10
2.23	-1.74656	0.0752998	0.027022	-1.74656	0.0752998	0.027022	6.26856e-10
2.24	-1.7475	0.0579626	0.0270101	-1.7475	0.0579626	0.0270101	6.27324e-10
2.25	-1.74826	0.0405822	0.0269989	-1.74826	0.0405822	0.0269989	6.27792e-10
2.26	-1.74885	0.0231603	0.0269882	-1.74885	0.0231603	0.0269882	6.28261e-10
2.27	-1.74926	0.00569843	0.0269782	-1.74926	0.00569843	0.0269782	6.28732e-10
2.28	-1.7495	-0.0118016	0.0269689	-1.7495	-0.0118016	0.0269689	6.29204e-10
2.29	-1.74957	-0.0293383	0.0269601	-1.74957	-0.0293383	0.0269601	6.29678e-10
2.3	-1.74946	-0.0469098	0.026952	-1.74946	-0.0469098	0.026952	6.30154e-10
2.31	-1.74917	-0.0645145	0.0269446	-1.74917	-0.0645145	0.0269446	6.30634e-10
2.32	-1.7487	-0.0821506	0.0269378	-1.7487	-0.0821506	0.0269378	6.31116e-10
2.33	-1.74806	-0.0998166	0.0269316	-1.74806	-0.0998166	0.0269316	6.31602e-10
2.34	-1.74725	-0.117511	0.026926	-1.74725	-0.117511	0.026926	6.32092e-10
2.35	-1.74625	-0.135231	0.0269211	-1.74625	-0.135231	0.0269211	6.32587e-10
2.36	-1.74508	-0.152976	0.0269168	-1.74508	-0.152976	0.0269168	6.33086e-10
2.37	-1.74373	-0.170744	0.0269131	-1.74373	-0.170744	0.0269131	6.33591e-10
2.38	-1.7422	-0.188533	0.0269101	-1.7422	-0.188533	0.0269101	6.34101e-10
2.39	-1.7405	-0.206341	0.0269077	-1.7405	-0.206341	0.0269077	6.34618e-10
2.4	-1.73861	-0.224168	0.026906	-1.73861	-0.224168	0.026906	6.35141e-10
2.41	-1.73655	-0.24201	0.0269048	-1.73655	-0.24201	0.0269048	6.35671e-10
2.42	-1.73431	-0.259866	0.0269044	-1.73431	-0.259866	0.0269044	6.36209e-10
2.43	-1.73189	-0.277735	0.0269045	-1.73189	-0.277735	0.0269045	6.36755e-10
2.44	-1.7293	-0.295614	0.0269053	-1.7293	-0.295614	0.0269053	6.37308e-10
2.45	-1.72652	-0.313503	0.0269068	-1.72652	-0.313503	0.0269068	6.37871e-10
2.46	-1.72356	-0.331398	0.0269089	-1.72356	-0.331398	0.0269089	6.38443e-10
2.47	-1.72043	-0.349299	0.0269116	-1.72043	-0.349299	0.0269116	6.39025e-10
2.48	-1.71712	-0.367203	0.026915	-1.71712	-0.367203	0.026915	6.39617e-10
2.49	-1.71362	-0.38511	0.026919	-1.71362	-0.38511	0.026919	6.4022e-10
2.5	-1.70995	-0.403016	0.0269236	-1.70995	-0.403016	0.0269236	6.40834e-10
2.51	-1.7061	-0.42092	0.0269289	-1.7061	-0.42092	0.0269289	6.4146e-10
2.52	-1.70207	-0.438821	0.0269349	-1.70207	-0.438821	0.0269349	6.42097e-10
2.53	-1.69786	-0.456716	0.0269414	-1.69786	-0.456716	0.0269414	6.42747e-10
2.54	-1.69348	-0.474604	0.0269487	-1.69348	-0.474604	0.0269487	6.4341e-10
2.55	-1.68891	-0.492484	0.0269565	-1.68891	-0.492484	0.0269565	6.44087e-10
2.56	-1.68417	-0.510352	0.0269651	-1.68417	-0.510352	0.0269651	6.44777e-10
2.57	-1.67924	-0.528208	0.0269743	-1.67924	-0.528208	0.0269743	6.45481e-10
2.58	-1.67414	-0.546049	0.0269841	-1.67414	-0.546049	0.0269841	6.462e-10
2.59	-1.66886	-0.563874	0.0269946	-1.66886	-0.563874	0.0269946	6.46935e-10
2.6	-1.6634	-0.581681	0.0270057	-1.6634	-0.581681	0.0270057	6.47685e-10
2.61	-1.65777	-0.599468	0.0270175	-1.65777	-0.599468	0.0270175	6.48451e-10
2.62	-1.65196	-0.617234	0.0270299	-1.65196	-0.617234	0.0270299	6.49233e-10
2.63	-1.64596	-0.634976	0.027043	-1.64596	-0.634976	0.027043	6.50032e-10
2.64	-1.6398	-0.652692	0.0270568	-1.6398	-0.652692	0.0270568	6.50849e-10
2.65	-1.63345	-0.670382	0.0270712	-1.63345	-0.670382	0.0270712	6.51683e-10
2.66	-1.62693	-0.688042	0.0270863	-1.62693	-0.688042	0.0270863	6.52536e-10
2.67	-1.62023	-0.705672	0.027102	-1.62023	-0.705672	0.027102	6.53407e-10
2.68	-1.61336	-0.723269	0.0271184	-1.61336	-0.723269	0.0271184	6.54297e-10
2.69	-1.60631	-0.740832	0.0271355	-1.60631	-0.740832	0.0271355	6.55206e-10
2.7	-1.59909	-0.758358	0.0271532	-1.59909	-0.758358	0.0271532	6.56135e-10
2.71	-1.59169	-0.775846	0.0271716	-1.59169	-0.775846	0.0271716	6.57084e-10
2.72	-1.58411	-0.793294	0.0271907	-1.58411	-0.793294	0.0271907	6.58053e-10
2.73	-1.57636	-0.810701	0.0272104	-1.57636	-0.810701	0.0272104	6.59043e-10
2.74	-1.56844	-0.828064	0.0272308	-1.56844	-0.828064	0.0272308	6.60054e-10
2.75	-1.56035	-0.845382	0.0272519	-1.56035	-0.845382	0.0272519	6.61086e-10
2.76	-1.55208	-0.862652	0.0272737	-1.55208	-0.862652	0.0272737	6.62141e-10
2.77	-1.54364	-0.879873	0.0272961	-1.54364	-0.879873	0.0272961	6.63217e-10
2.78	-1.53503	-0.897044	0.0273192	-1.53503	-0.897044	0.0273192	6.64316e-10
2.79	-1.52625	-0.914161	0.027343	-1.52625	-0.914161	0.027343	6.65437e-10
2.8	-1.51729	-0.931224	0.0273675	-1.51729	-0.931224	0.0273675	6.66582e-10
2.81	-1.50817	-0.948231	0.0273926	-1.50817	-0.948231	0.0273926	6.6775e-10
2.82	-1.49888	-0.96518	0.0274184	-1.49888	-0.96518	0.0274184	6.68941e-10
2.83	-1.48941	-0.982069	0.027445	-1.48941	-0.982069	0.027445	6.70156e-10
2.84	-1.47978	-0.998896	0.0274722	-1.47978	-0.998896	0.0274722	6.71395e-10
2.85	-1.46999	-1.01566	0.0275001	-1.46999	-1.01566	0.0275001	6.72659e-10
2.86	-1.46002	-1.03236	0.0275287	-1.46002	-1.03236	0.0275287	6.73947e-10
2.87	-1.44989	-1.04899	0.027558	-1.44989	-1.04899	0.027558	6.75259e-10
2.88	-1.43959	-1.06555	0.0275879	-1.43959	-1.06555	0.0275879	6.76597e-10
2.89	-1.42913	-1.08204	0.0276186	-1.42913	-1.08204	0.0276186	6.77959e-10
2.9	-1.4185	-1.09846	0.02765	-1.4185	-1.09846	0.02765	6.79347e-10
2.91	-1.40771	-1.11481	0.0276821	-1.40771	-1.11481	0.0276821	6.8076e-10
2.92	-1.39676	-1.13107	0.0277149	-1.39676	-1.13107	0.0277149	6.82198e-10
2.93	-1.38565	-1.14726	0.0277484	-1.38565	-1.14726	0.0277484	6.83662e-10
2.94	-1.37437	-1.16338	0.0277826	-1.37437	-1.16338	0.0277826	6.85153e-10
2.95	-1.36294	-1.17941	0.0278175	-1.36294	-1.17941	0.0278175	6.86669e-10
2.96	-1.35134	-1.19535	0.0278531	-1.35134	-1.19535	0.0278531	6.88211e-10
2.97	-1.33959	-1.21121	0.0278895	-1.33959	-1.21121	0.0278895	6.89778e-10
2.98	-1.32767	-1.22699	0.0279265	-1.32767	-1.22699	0.0279265	6.91373e-10
2.99	-1.31561	-1.24267	0.0279643	-1.31561	-1.24267	0.0279643	6.92993e-10
3	-1.30338	-1.25827	0.0280028	-1.30338	-1.25827	0.0280028	6.94639e-10
3.01	-1.291	-1.27377	0.028042	-1.291	-1.27377	0.028042	6.96312e-10
3.02	-1.27847	-1.28918	0.028082	-1.27847	-1.28918	0.028082	6.98011e-10
3.03	-1.26578	-1.3045	0.0281226	-1.26578	-1.3045	0.0281226	6.99737e-10
3.04	-1.25294	-1.31972	0.028164	-1.25294	-1.31972	0.028164	7.01488e-10
3.05	-1.23995	-1.33484	0.0282062	-1.23995	-1.33484	0.0282062	7.03266e-10
3.06	-1.22681	-1.34985	0.028249	-1.22681	-1.34985	0.028249	7.0507e-10
3.07	-1.21352	-1.36477	0.0282927	-1.21352	-1.36477	0.0282927	7.069e-10
3.08	-1.20008	-1.37958	0.028337	-1.20008	-1.37958	0.028337	7.08757e-10
3.09	-1.18649	-1.39429	0.0283821	-1.18649	-1.39429	0.0283821	7.10639e-10
3.1	-1.17276	-1.40889	0.028428	-1.17276	-1.40889	0.028428	7.12547e-10
3.11	-1.15888	-1.42338	0.0284745	-1.15888	-1.42338	0.0284745	7.14481e-10
3.12	-1.14486	-1.43776	0.0285219	-1.14486	-1.43776	0.0285219	7.1644e-10
3.13	-1.1307	-1.45203	0.02857	-1.1307	-1.45203	0.02857	7.18426e-10
3.14	-1.11639	-1.46618	0.0286188	-1.11639	-1.46618	0.0286188	7.20436e-10
3.15	-1.10195	-1.48022	0.0286684	-1.10195	-1.48022	0.0286684	7.22472e-10
3.16	-1.08736	-1.49414	0.0287188	-1.08736	-1.49414	0.0287188	7.24533e-10
3.17	-1.07264	-1.50794	0.0287699	-1.07264	-1.50794	0.0287699	7.26618e-10
3.18	-1.05778	-1.52163	0.0288218	-1.05778	-1.52163	0.0288218	7.28729e-10
3.19	-1.04278	-1.53519	0.0288745	-1.04278	-1.53519	0.0288745	7.30863e-10
3.2	-1.02765	-1.54862	0.0289279	-1.02765	-1.54862	0.0289279	7.33022e-10
3.21	-1.01239	-1.56193	0.0289822	-1.01239	-1.56193	0.0289822	7.35205e-10
3.22	-0.996995	-1.57512	0.0290372	-0.996995	-1.57512	0.0290372	7.37412e-10
3.23	-0.981469	-1.58817	0.0290929	-0.981469	-1.58817	0.0290929	7.39642e-10
3.24	-0.965814	-1.6011	0.0291495	-0.965814	-1.6011	0.0291495	7.41896e-10
3.25	-0.95003	-1.61389	0.0292068	-0.95003	-1.61389	0.0292068	7.44173e-10
3.26	-0.93412	-1.62655	0.029265	-0.93412	-1.62655	0.029265	7.46472e-10
3.27	-0.918085	-1.63908	0.0293239	-0.918085	-1.63908	0.0293239	7.48794e-10
3.28	-0.901926	-1.65147	0.0293836	-0.901926	-1.65147	0.0293836	7.51137e-10
3.29	-0.885644	-1.66372	0.0294441	-0.885644	-1.66372	0.0294441	7.53502e-10
3.3	-0.869241	-1.67584	0.0295054	-0.869241	-1.67584	0.0295054	7.55889e-10
3.31	-0.852718	-1.68781	0.0295676	-0.852718	-1.68781	0.0295676	7.58297e-10
3.32	-0.836076	-1.69964	0.0296305	-0.836076	-1.69964	0.0296305	7.60726e-10
3.33	-0.819318	-1.71133	0.0296942	-0.819318	-1.71133	0.0296942	7.63175e-10
3.34	-0.802444	-1.72287	0.0297588	-0.802444	-1.72287	0.0297588	7.65644e-10
3.35	-0.785456	-1.73427	0.0298241	-0.785456	-1.73427	0.0298241	7.68132e-10
3.36	-0.768355	-1.74552	0.0298903	-0.768355	-1.74552	0.0298903	7.7064e-10
3.37	-0.751144	-1.75662	0.0299573	-0.751144	-1.75662	0.0299573	7.73167e-10
3.38	-0.733823	-1.76757	0.0300251	-0.733823	-1.76757	0.0300251	7.75713e-10
3.39	-0.716393	-1.77837	0.0300938	-0.716393	-1.77837	0.0300938	7.78276e-10
3.4	-0.698858	-1.78901	0.0301633	-0.698858	-1.78901	0.0301633	7.80857e-10
3.41	-0.681217	-1.7995	0.0302336	-0.681217	-1.7995	0.0302336	7.83455e-10
3.42	-0.663473	-1.80983	0.0303047	-0.663473	-1.80983	0.0303047	7.8607e-10
3.43	-0.645627	-1.82001	0.0303767	-0.645627	-1.82001	0.0303767	7.88701e-10
3.44	-0.627681	-1.83002	0.0304495	-0.627681	-1.83002	0.0304495	7.91348e-10
3.45	-0.609636	-1.83988	0.0305232	-0.609636	-1.83988	0.0305232	7.94011e-10
3.46	-0.591494	-1.84958	0.0305977	-0.591494	-1.84958	0.0305977	7.96689e-10
3.47	-0.573257	-1.85911	0.0306731	-0.573257	-1.85911	0.0306731	7.99381e-10
3.48	-0.554926	-1.86848	0.0307493	-0.554926	-1.86848	0.0307493	8.02087e-10
3.49	-0.536503	-1.87768	0.0308264	-0.536503	-1.87768	0.0308264	8.04807e-10
3.5	-0.51799	-1.88672	0.0309043	-0.51799	-1.88672	0.0309043	8.0754e-10
3.51	-0.499387	-1.89559	0.0309831	-0.499387	-1.89559	0.0309831	8.10286e-10
3.52	-0.480698	-1.90429	0.0310628	-0.480698	-1.90429	0.0310628	8.13044e-10
3.53	-0.461923	-1.91282	0.0311434	-0.461923	-1.91282	0.0311434	8.15814e-10
3.54	-0.443065	-1.92118	0.0312248	-0.443065	-1.92118	0.0312248	8.18595e-10
3.55	-0.424125	-1.92936	0.031307	-0.424125	-1.92936	0.031307	8.21387e-10
3.56	-0.405105	-1.93738	0.0313902	-0.405105	-1.93738	0.0313902	8.24189e-10
3.57	-0.386006	-1.94521	0.0314742	-0.386006	-1.94521	0.0314742	8.27001e-10
3.58	-0.36683	-1.95288	0.0315591	-0.36683	-1.95288	0.0315591	8.29822e-10
3.59	-0.34758	-1.96036	0.031645	-0.34758	-1.96036	0.031645	8.32652e-10
3.6	-0.328257	-1.96767	0.0317316	-0.328257	-1.96767	0.0317316	8.35491e-10
3.61	-0.308862	-1.9748	0.0318192	-0.308862	-1.9748	0.0318192	8.38337e-10
3.62	-0.289398	-1.98175	0.0319077	-0.289398	-1.98175	0.0319077	8.4119e-10
3.63	-0.269866	-1.98851	0.0319971	-0.269866	-1.98851	0.0319971	8.4405e-10
3.64	-0.250268	-1.9951	0.0320873	-0.250268	-1.9951	0.0320873	8.46916e-10
3.65	-0.230606	-2.0015	0.0321785	-0.230606	-2.0015	0.0321785	8.49789e-10
3.66	-0.210882	-2.00771	0.0322706	-0.210882	-2.00771	0.0322706	8.52666e-10
3.67	-0.191098	-2.01375	0.0323636	-0.191098	-2.01375	0.0323636	8.55548e-10
3.68	-0.171255	-2.01959	0.0324574	-0.171255	-2.01959	0.0324574	8.58434e-10
3.69	-0.151356	-2.02525	0.0325522	-0.151356	-2.02525	0.0325522	8.61324e-10
3.7	-0.131402	-2.03072	0.0326479	-0.131402	-2.03072	0.0326479	8.64218e-10
3.71	-0.111395	-2.036	0.0327446	-0.111395	-2.036	0.0327446	8.67114e-10
3.72	-0.0913374	-2.04109	0.0328421	-0.0913374	-2.04109	0.0328421	8.70012e-10
3.73	-0.0712308	-2.04599	0.0329406	-0.0712308	-2.04599	0.0329406	8.72911e-10
3.74	-0.0510771	-2.0507	0.03304	-0.0510771	-2.0507	0.03304	8.75812e-10
3.75	-0.0308783	-2.05521	0.0331403	-0.0308783	-2.05521	0.0331403	8.78714e-10
3.76	-0.0106363	-2.05954	0.0332415	-0.0106363	-2.05954	0.0332415	8.81616e-10
3.77	0.00964698	-2.06366	0.0333437	0.00964698	-2.06366	0.0333437	8.84517e-10
3.78	0.0299695	-2.0676	0.0334468	0.0299695	-2.0676	0.0334468	8.87419e-10
3.79	0.0503294	-2.07134	0.0335508	0.0503294	-2.07134	0.0335508	8.90318e-10
3.8	0.0707246	-2.07488	0.0336557	0.0707246	-2.07488	0.0336557	8.93216e-10
3.81	0.0911531	-2.07822	0.0337616	0.0911531	-2.07822	0.0337616	8.96112e-10
3.82	0.111613	-2.08137	0.0338685	0.111613	-2.08137	0.0338685	8.99005e-10
3.83	0.132102	-2.08431	0.0339762	0.132102	-2.08431	0.0339762	9.01895e-10
3.84	0.152619	-2.08706	0.0340849	0.152619	-2.08706	0.0340849	9.04781e-10
3.85	0.173161	-2.08961	0.0341946	0.173161	-2.08961	0.0341946	9.07662e-10
3.86	0.193727	-2.09196	0.0343052	0.193727	-2.09196	0.0343052	9.1054e-10
3.87	0.214314	-2.0941	0.0344167	0.214314	-2.0941	0.0344167	9.13412e-10
3.88	0.23492	-2.09605	0.0345292	0.23492	-2.09605	0.0345292	9.16278e-10
3.89	0.255543	-2.09779	0.0346426	0.255543	-2.09779	0.0346426	9.19139e-10
3.9	0.276182	-2.09933	0.034757	0.276182	-2.09933	0.034757	9.21993e-10
3.91	0.296834	-2.10066	0.0348723	0.296834	-2.10066	0.0348723	9.2484e-10
3.92	0.317497	-2.10179	0.0349886	0.317497	-2.10179	0.0349886	9.2768e-10
3.93	0.338169	-2.10272	0.0351058	0.338169	-2.10272	0.0351058	9.30512e-10
3.94	0.358849	-2.10344	0.0352239	0.358849	-2.10344	0.0352239	9.33336e-10
3.95	0.379533	-2.10395	0.0353431	0.379533	-2.10395	0.0353431	9.36151e-10
3.96	0.40022	-2.10426	0.0354631	0.40022	-2.10426	0.0354631	9.38957e-10
3.97	0.420908	-2.10437	0.0355841	0.420908	-2.10437	0.0355841	9.41754e-10
3.98	0.441595	-2.10426	0.0357061	0.441595	-2.10426	0.0357061	9.44541e-10
3.99	0.462279	-2.10395	0.035829	0.462279	-2.10395	0.035829	9.47318e-10
4	0.482957	-2.10343	0.0359528	0.482957	-2.10343	0.0359528	9.50084e-10
4.01	0.503628	-2.10271	0.0360776	0.503628	-2.10271	0.0360776	9.52839e-10
4.02	0.524289	-2.10177	0.0362034	0.524289	-2.10177	0.0362034	9.55583e-10
4.03	0.544938	-2.10063	0.0363301	0.544938	-2.10063	0.0363301	9.58315e-10
4.04	0.565574	-2.09928	0.0364577	0.565574	-2.09928	0.0364577	9.61034e-10
4.05	0.586194	-2.09771	0.0365863	0.586194	-2.09771	0.0365863	9.63742e-10
4.06	0.606796	-2.09594	0.0367158	0.606796	-2.09594	0.0367158	9.66436e-10
4.07	0.627378	-2.09396	0.0368463	0.627378	-2.09396	0.0368463	9.69117e-10
4.08	0.647938	-2.09177	0.0369777	0.647938	-2.09177	0.0369777	9.71785e-10
4.09	0.668473	-2.08937	0.03711	0.668473	-2.08937	0.03711	9.74438e-10
4.1	0.688982	-2.08676	0.0372433	0.688982	-2.08676	0.0372433	9.77077e-10
4.11	0.709463	-2.08394	0.0373775	0.709463	-2.08394	0.0373775	9.79702e-10
4.12	0.729913	-2.08091	0.0375126	0.729913	-2.08091	0.0375126	9.82312e-10
4.13	0.75033	-2.07766	0.0376486	0.75033	-2.07766	0.0376486	9.84906e-10
4.14	0.770712	-2.07421	0.0377856	0.770712	-2.07421	0.0377856	9.87486e-10
4.15	0.791058	-2.07055	0.0379235	0.791058	-2.07055	0.0379235	9.90049e-10
4.16	0.811364	-2.06667	0.0380623	0.811364	-2.06667	0.0380623	9.92596e-10
4.17	0.831629	-2.06258	0.0382021	0.831629	-2.06258	0.0382021	9.95127e-10
4.18	0.851851	-2.05829	0.0383427	0.851851	-2.05829	0.0383427	9.97641e-10
4.19	0.872027	-2.05378	0.0384842	0.872027	-2.05378	0.0384842	1.00014e-09
4.2	0.892156	-2.04906	0.0386267	0.892156	-2.04906	0.0386267	1.00262e-09
4.21	0.912235	-2.04413	0.03877	0.912235	-2.04413	0.03877	1.00508e-09
4.22	0.932263	-2.03899	0.0389142	0.932263	-2.03899	0.0389142	1.00753e-09
4.23	0.952236	-2.03364	0.0390594	0.952236	-2.03364	0.0390594	1.00996e-09
4.24	0.972154	-2.02808	0.0392053	0.972154	-2.02808	0.0392053	1.01237e-09
4.25	0.992013	-2.02231	0.0393522	0.992013	-2.02231	0.0393522	1.01476e-09
4.26	1.01181	-2.01633	0.0394999	1.01181	-2.01633	0.0394999	1.01713e-09
4.27	1.03155	-2.01014	0.0396485	1.03155	-2.01014	0.0396485	1.01949e-09
4.28	1.05122	-2.00374	0.039798	1.05122	-2.00374	0.039798	1.02182e-09
4.29	1.07083	-1.99713	0.0399483	1.07083	-1.99713	0.0399483	1.02414e-09
4.3	1.09036	-1.99032	0.0400994	1.09036	-1.99032	0.0400994	1.02644e-09
4.31	1.10983	-1.98329	0.0402514	1.10983	-1.98329	0.0402514	1.02872e-09
4.32	1.12922	-1.97605	0.0404042	1.12922	-1.97605	0.0404042	1.03098e-09
4.33	1.14854	-1.96861	0.0405578	1.14854	-1.96861	0.0405578	1.03322e-09
4.34	1.16778	-1.96096	0.0407123	1.16778	-1.96096	0.0407123	1.03544e-09
4.35	1.18695	-1.9531	0.0408675	1.18695	-1.9531	0.0408675	1.03764e-09
4.36	1.20603	-1.94503	0.0410235	1.20603	-1.94503	0.0410235	1.03982e-09
4.37	1.22503	-1.93676	0.0411803	1.22503	-1.93676	0.0411803	1.04198e-09
4.38	1.24394	-1.92828	0.0413379	1.24394	-1.92828	0.0413379	1.04412e-09
4.39	1.26276	-1.91959	0.0414962	1.26276	-1.91959	0.0414962	1.04624e-09
4.4	1.2815	-1.9107	0.0416553	1.2815	-1.9107	0.0416553	1.04835e-09
4.41	1.30014	-1.9016	0.0418152	1.30014	-1.9016	0.0418152	1.05043e-09
4.42	1.3187	-1.8923	0.0419757	1.3187	-1.8923	0.0419757	1.05249e-09
4.43	1.33715	-1.8828	0.042137	1.33715	-1.8828	0.042137	1.05453e-09
4.44	1.35551	-1.87309	0.042299	1.35551	-1.87309	0.042299	1.05655e-09
4.45	1.37377	-1.86318	0.0424616	1.37377	-1.86318	0.0424616	1.05855e-09
4.46	1.39192	-1.85307	0.042625	1.39192	-1.85307	0.042625	1.06054e-09
4.47	1.40997	-1.84275	0.042789	1.40997	-1.84275	0.042789	1.0625e-09
4.48	1.42792	-1.83224	0.0429537	1.42792	-1.83224	0.0429537	1.06444e-09
4.49	1.44576	-1.82153	0.043119	1.44576	-1.82153	0.043119	1.06636e-09
4.5	1.46349	-1.81061	0.0432849	1.46349	-1.81061	0.0432849	1.06826e-09
4.51	1.4811	-1.7995	0.0434514	1.4811	-1.7995	0.0434514	1.07014e-09
4.52	1.49861	-1.78819	0.0436185	1.49861	-1.78819	0.0436185	1.072e-09
4.53	1.516	-1.77668	0.0437862	1.516	-1.77668	0.0437862	1.07384e-09
4.54	1.53327	-1.76497	0.0439545	1.53327	-1.76497	0.0439545	1.07567e-09
4.55	1.55042	-1.75307	0.0441233	1.55042	-1.75307	0.0441233	1.07747e-09
4.56	1.56744	-1.74098	0.0442926	1.56744	-1.74098	0.0442926	1.07925e-09
4.57	1.58435	-1.72869	0.0444625	1.58435	-1.72869	0.0444625	1.08101e-09
4.58	1.60113	-1.71621	0.0446328	1.60113	-1.71621	0.0446328	1.08276e-09
4.59	1.61778	-1.70353	0.0448036	1.61778	-1.70353	0.0448036	1.08449e-09
4.6	1.6343	-1.69067	0.0449748	1.6343	-1.69067	0.0449748	1.08619e-09
4.61	1.65069	-1.67761	0.0451465	1.65069	-1.67761	0.0451465	1.08788e-09
4.62	1.66695	-1.66436	0.0453186	1.66695	-1.66436	0.0453186	1.08955e-09
4.63	1.68307	-1.65093	0.045491	1.68307	-1.65093	0.045491	1.0912e-09
4.64	1.69906	-1.63731	0.0456639	1.69906	-1.63731	0.0456639	1.09284e-09
4.65	1.71491	-1.6235	0.0458371	1.71491	-1.6235	0.0458371	1.09445e-09
4.66	1.73061	-1.6095	0.0460106	1.73061	-1.6095	0.0460106	1.09605e-09
4.67	1.74617	-1.59532	0.0461844	1.74617	-1.59532	0.0461844	1.09763e-09
4.68	1.76159	-1.58096	0.0463585	1.76159	-1.58096	0.0463585	1.0992e-09
4.69	1.77687	-1.56641	0.0465328	1.77687	-1.56641	0.0465328	1.10074e-09
4.7	1.79199	-1.55169	0.0467074	1.79199	-1.55169	0.0467074	1.10228e-09
4.71	1.80696	-1.53678	0.0468821	1.80696	-1.53678	0.0468821	1.10379e-09
4.72	1.82179	-1.5217	0.0470571	1.82179	-1.5217	0.0470571	1.10529e-09
4.73	1.83646	-1.50643	0.0472322	1.83646	-1.50643	0.0472322	1.10677e-09
4.74	1.85097	-1.49099	0.0474074	1.85097	-1.49099	0.0474074	1.10824e-09
4.75	1.86533	-1.47538	0.0475827	1.86533	-1.47538	0.0475827	1.10969e-09
4.76	1.87953	-1.45959	0.0477581	1.87953	-1.45959	0.0477581	1.11113e-09
4.77	1.89356	-1.44363	0.0479335	1.89356	-1.44363	0.0479335	1.11256e-09
4.78	1.90744	-1.42749	0.048109	1.90744	-1.42749	0.048109	1.11397e-09
4.79	1.92115	-1.41119	0.0482844	1.92115	-1.41119	0.0482844	1.11536e-09
4.8	1.9347	-1.39471	0.0484598	1.9347	-1.39471	0.0484598	1.11675e-09
4.81	1.94808	-1.37807	0.0486351	1.94808	-1.37807	0.0486351	1.11812e-09
4.82	1.96129	-1.36127	0.0488103	1.96129	-1.36127	0.0488103	1.11948e-09
4.83	1.97432	-1.34429	0.0489853	1.97432	-1.34429	0.0489853	1.12083e-09
4.84	1.98719	-1.32716	0.0491602	1.98719	-1.32716	0.0491602	1.12216e-09
4.85	1.99988	-1.30986	0.0493349	1.99988	-1.30986	0.0493349	1.12349e-09
4.86	2.0124	-1.2924	0.0495093	2.0124	-1.2924	0.0495093	1.1248e-09
4.87	2.02474	-1.27478	0.0496834	2.02474	-1.27478	0.0496834	1.12611e-09
4.88	2.0369	-1.257	0.0498573	2.0369	-1.257	0.0498573	1.1274e-09
4.89	2.04888	-1.23907	0.0500308	2.04888	-1.23907	0.0500308	1.12869e-09
4.9	2.06068	-1.22098	0.0502039	2.06068	-1.22098	0.0502039	1.12997e-09
4.91	2.0723	-1.20274	0.0503766	2.0723	-1.20274	0.0503766	1.13123e-09
4.92	2.08373	-1.18435	0.0505489	2.08373	-1.18435	0.0505489	1.1325e-09
4.93	2.09497	-1.16581	0.0507206	2.09497	-1.16581	0.0507206	1.13375e-09
4.94	2.10603	-1.14711	0.0508919	2.10603	-1.14711	0.0508919	1.135e-09
4.95	2.1169	-1.12827	0.0510625	2.1169	-1.12827	0.0510625	1.13624e-09
4.96	2.12757	-1.10929	0.0512326	2.12757	-1.10929	0.0512326	1.13748e-09
4.97	2.13806	-1.09016	0.051402	2.13806	-1.09016	0.051402	1.13871e-09
4.98	2.14835	-1.07089	0.0515708	2.14835	-1.07089	0.0515708	1.13994e-09
4.99	2.15844	-1.05148	0.0517388	2.15844	-1.05148	0.0517388	1.14116e-09
5	2.16834	-1.03193	0.051906	2.16834	-1.03193	0.051906	1.14238e-09
5.01	2.17804	-1.01224	0.0520725	2.17804	-1.01224	0.0520725	1.1436e-09
5.02	2.18755	-0.992415	0.0522381	2.18755	-0.992415	0.0522381	1.14482e-09
5.03	2.19685	-0.972458	0.0524028	2.19685	-0.972458	0.0524028	1.14603e-09
5.04	2.20595	-0.952369	0.0525666	2.20595	-0.952369	0.0525666	1.14725e-09
5.05	2.21484	-0.932149	0.0527294	2.21484	-0.932149	0.0527294	1.14846e-09
5.06	2.22353	-0.911801	0.0528912	2.22353	-0.911801	0.0528912	1.14967e-09
5.07	2.23202	-0.891326	0.0530519	2.23202	-0.891326	0.0530519	1.15089e-09
5.08	2.2403	-0.870726	0.0532115	2.2403	-0.870726	0.0532115	1.15211e-09
5.09	2.24837	-0.850004	0.0533699	2.24837	-0.850004	0.0533699	1.15333e-09
5.1	2.25623	-0.82916	0.0535272	2.25623	-0.82916	0.0535272	1.15455e-09
5.11	2.26388	-0.808196	0.0536832	2.26388	-0.808196	0.0536832	1.15578e-09
5.12	2.27132	-0.787115	0.053838	2.27132	-0.787115	0.053838	1.15701e-09
5.13	2.27855	-0.765919	0.0539914	2.27855	-0.765919	0.0539914	1.15824e-09
5.14	2.28556	-0.744609	0.0541434	2.28556	-0.744609	0.0541434	1.15949e-09
5.15	2.29236	-0.723187	0.0542939	2.29236	-0.723187	0.0542939	1.16073e-09
5.16	2.29894	-0.701655	0.0544431	2.29894	-0.701655	0.0544431	1.16199e-09
5.17	2.3053	-0.680015	0.0545906	2.3053	-0.680015	0.0545906	1.16325e-09
5.18	2.31145	-0.65827	0.0547367	2.31145	-0.65827	0.0547367	1.16453e-09
5.19	2.31737	-0.63642	0.0548811	2.31737	-0.63642	0.0548811	1.16581e-09
5.2	2.32308	-0.614469	0.0550238	2.32308	-0.614469	0.0550238	1.1671e-09
5.21	2.32856	-0.592417	0.0551648	2.32856	-0.592417	0.0551648	1.1684e-09
5.22	2.33382	-0.570268	0.0553041	2.33382	-0.570268	0.0553041	1.16971e-09
5.23	2.33886	-0.548022	0.0554415	2.33886	-0.548022	0.0554415	1.17104e-09
5.24	2.34367	-0.525683	0.0555771	2.34367	-0.525683	0.0555771	1.17237e-09
5.25	2.34826	-0.503252	0.0557108	2.34826	-0.503252	0.0557108	1.17372e-09
5.26	2.35262	-0.480732	0.0558426	2.35262	-0.480732	0.0558426	1.17509e-09
5.27	2.35676	-0.458124	0.0559723	2.35676	-0.458124	0.0559723	1.17647e-09
5.28	2.36067	-0.43543	0.0561	2.36067	-0.43543	0.0561	1.17786e-09
5.29	2.36434	-0.412653	0.0562255	2.36434	-0.412653	0.0562255	1.17927e-09
5.3	2.36779	-0.389794	0.056349	2.36779	-0.389794	0.056349	1.1807e-09
5.31	2.37101	-0.366857	0.0564702	2.37101	-0.366857	0.0564702	1.18214e-09
5.32	2.374	-0.343842	0.0565892	2.374	-0.343842	0.0565892	1.18361e-09
5.33	2.37676	-0.320753	0.0567059	2.37676	-0.320753	0.0567059	1.18509e-09
5.34	2.37928	-0.297591	0.0568202	2.37928	-0.297591	0.0568202	1.18659e-09
5.35	2.38157	-0.274358	0.0569322	2.38157	-0.274358	0.0569322	1.18811e-09
5.36	2.38363	-0.251057	0.0570417	2.38363	-0.251057	0.0570417	1.18966e-09
5.37	2.38545	-0.227691	0.0571487	2.38545	-0.227691	0.0571487	1.19122e-09
5.38	2.38704	-0.20426	0.0572532	2.38704	-0.20426	0.0572532	1.19281e-09
5.39	2.38839	-0.180768	0.0573552	2.38839	-0.180768	0.0573552	1.19442e-09
5.4	2.38951	-0.157216	0.0574545	2.38951	-0.157216	0.0574545	1.19605e-09
5.41	2.39039	-0.133607	0.0575511	2.39039	-0.133607	0.0575511	1.19771e-09
5.42	2.39103	-0.109943	0.057645	2.39103	-0.109943	0.057645	1.19939e-09
5.43	2.39143	-0.0862269	0.0577362	2.39143	-0.0862269	0.0577362	1.2011e-09
5.44	2.3916	-0.0624602	0.0578245	2.3916	-0.0624602	0.0578245	1.20284e-09
5.45	2.39153	-0.0386455	0.05791	2.39153	-0.0386455	0.05791	1.2046e-09
5.46	2.39121	-0.0147851	0.0579926	2.39121	-0.0147851	0.0579926	1.20639e-09
5.47	2.39066	0.00911885	0.0580723	2.39066	0.00911885	0.0580723	1.2082e-09
5.48	2.38987	0.0330639	0.058149	2.38987	0.0330639	0.058149	1.21005e-09
5.49	2.38884	0.0570477	0.0582227	2.38884	0.0570477	0.0582227	1.21192e-09
5.5	2.38756	0.0810681	0.0582933	2.38756	0.0810681	0.0582933	1.21383e-09
5.51	2.38605	0.105123	0.0583608	2.38605	0.105123	0.0583608	1.21576e-09
5.52	2.38429	0.129209	0.0584252	2.38429	0.129209	0.0584252	1.21773e-09
5.53	2.3823	0.153324	0.0584864	2.3823	0.153324	0.0584864	1.21972e-09
5.54	2.38006	0.177467	0.0585444	2.38006	0.177467	0.0585444	1.22175e-09
5.55	2.37758	0.201635	0.0585991	2.37758	0.201635	0.0585991	1.22381e-09
5.56	2.37485	0.225825	0.0586505	2.37485	0.225825	0.0586505	1.22591e-09
5.57	2.37189	0.250034	0.0586987	2.37189	0.250034	0.0586987	1.22804e-09
5.58	2.36868	0.274262	0.0587434	2.36868	0.274262	0.0587434	1.2302e-09
5.59	2.36523	0.298504	0.0587848	2.36523	0.298504	0.0587848	1.2324e-09
5.6	2.36153	0.322759	0.0588227	2.36153	0.322759	0.0588227	1.23463e-09
5.61	2.3576	0.347025	0.0588572	2.3576	0.347025	0.0588572	1.2369e-09
5.62	2.35342	0.371299	0.0588882	2.35342	0.371299	0.0588882	1.2392e-09
5.63	2.34899	0.395578	0.0589157	2.34899	0.395578	0.0589157	1.24154e-09
5.64	2.34433	0.41986	0.0589397	2.34433	0.41986	0.0589397	1.24391e-09
5.65	2.33942	0.444143	0.0589601	2.33942	0.444143	0.0589601	1.24633e-09
5.66	2.33426	0.468424	0.0589769	2.33426	0.468424	0.0589769	1.24878e-09
5.67	2.32887	0.492701	0.05899	2.32887	0.492701	0.05899	1.25126e-09
5.68	2.32323	0.516971	0.0589996	2.32323	0.516971	0.0589996	1.25379e-09
5.69	2.31735	0.541233	0.0590055	2.31735	0.541233	0.0590055	1.25635e-09
5.7	2.31123	0.565483	0.0590077	2.31123	0.565483	0.0590077	1.25896e-09
5.71	2.30486	0.589718	0.0590062	2.30486	0.589718	0.0590062	1.2616e-09
5.72	2.29825	0.613938	0.059001	2.29825	0.613938	0.059001	1.26428e-09
5.73	2.2914	0.638138	0.0589921	2.2914	0.638138	0.0589921	1.267e-09
5.74	2.28431	0.662318	0.0589794	2.28431	0.662318	0.0589794	1.26976e-09
5.75	2.27697	0.686473	0.0589629	2.27697	0.686473	0.0589629	1.27256e-09
5.76	2.2694	0.710602	0.0589427	2.2694	0.710602	0.0589427	1.2754e-09
5.77	2.26158	0.734702	0.0589188	2.26158	0.734702	0.0589188	1.27829e-09
5.78	2.25353	0.758772	0.058891	2.25353	0.758772	0.058891	1.28121e-09
5.79	2.24523	0.782807	0.0588594	2.24523	0.782807	0.0588594	1.28417e-09
5.8	2.23669	0.806807	0.0588241	2.23669	0.806807	0.0588241	1.28717e-09
5.81	2.22792	0.830768	0.0587849	2.22792	0.830768	0.0587849	1.29022e-09
5.82	2.2189	0.854687	0.058742	2.2189	0.854687	0.058742	1.2933e-09
5.83	2.20965	0.878564	0.0586952	2.20965	0.878564	0.0586952	1.29643e-09
5.84	2.20016	0.902394	0.0586446	2.20016	0.902394	0.0586446	1.2996e-09
5.85	2.19043	0.926176	0.0585903	2.19043	0.926176	0.0585903	1.30281e-09
5.86	2.18046	0.949906	0.0585321	2.18046	0.949906	0.0585321	1.30606e-09
5.87	2.17026	0.973584	0.0584701	2.17026	0.973584	0.0584701	1.30935e-09
5.88	2.15982	0.997205	0.0584044	2.15982	0.997205	0.0584044	1.31268e-09
5.89	2.14915	1.02077	0.0583349	2.14915	1.02077	0.0583349	1.31606e-09
5.9	2.13824	1.04427	0.0582616	2.13824	1.04427	0.0582616	1.31947e-09
5.91	2.1271	1.06771	0.0581846	2.1271	1.06771	0.0581846	1.32293e-09
5.92	2.11572	1.09108	0.0581039	2.11572	1.09108	0.0581039	1.32643e-09
5.93	2.10411	1.11439	0.0580194	2.10411	1.11439	0.0580194	1.32997e-09
5.94	2.09228	1.13762	0.0579313	2.09228	1.13762	0.0579313	1.33354e-09
5.95	2.0802	1.16078	0.0578394	2.0802	1.16078	0.0578394	1.33716e-09
5.96	2.0679	1.18387	0.0577439	2.0679	1.18387	0.0577439	1.34083e-09
5.97	2.05537	1.20687	0.0576448	2.05537	1.20687	0.0576448	1.34453e-09
5.98	2.04261	1.2298	0.0575421	2.04261	1.2298	0.0575421	1.34827e-09
5.99	2.02963	1.25265	0.0574357	2.02963	1.25265	0.0574357	1.35205e-09
6	2.01641	1.2754	0.0573259	2.01641	1.2754	0.0573259	1.35587e-09
6.01	2.00297	1.29807	0.0572125	2.00297	1.29807	0.0572125	1.35973e-09
6.02	1.98931	1.32065	0.0570956	1.98931	1.32065	0.0570956	1.36363e-09
6.03	1.97542	1.34314	0.0569752	1.97542	1.34314	0.0569752	1.36757e-09
6.04	1.9613	1.36554	0.0568514	1.9613	1.36554	0.0568514	1.37154e-09
6.05	1.94697	1.38783	0.0567242	1.94697	1.38783	0.0567242	1.37556e-09
6.06	1.93241	1.41002	0.0565936	1.93241	1.41002	0.0565936	1.37961e-09
6.07	1.91764	1.43212	0.0564598	1.91764	1.43212	0.0564598	1.3837e-09
6.08	1.90264	1.45411	0.0563226	1.90264	1.45411	0.0563226	1.38783e-09
6.09	1.88743	1.47599	0.0561822	1.88743	1.47599	0.0561822	1.392e-09
6.1	1.872	1.49776	0.0560387	1.872	1.49776	0.0560387	1.3962e-09
6.11	1.85635	1.51942	0.0558919	1.85635	1.51942	0.0558919	1.40044e-09
6.12	1.84049	1.54096	0.0557421	1.84049	1.54096	0.0557421	1.40471e-09
6.13	1.82442	1.56239	0.0555892	1.82442	1.56239	0.0555892	1.40902e-09
6.14	1.80813	1.5837	0.0554333	1.80813	1.5837	0.0554333	1.41337e-09
6.15	1.79164	1.60489	0.0552745	1.79164	1.60489	0.0552745	1.41775e-09
6.16	1.77493	1.62595	0.0551127	1.77493	1.62595	0.0551127	1.42216e-09
6.17	1.75802	1.64689	0.0549481	1.75802	1.64689	0.0549481	1.42661e-09
6.18	1.7409	1.6677	0.0547806	1.7409	1.6677	0.0547806	1.43109e-09
6.19	1.72357	1.68838	0.0546104	1.72357	1.68838	0.0546104	1.43561e-09
6.2	1.70604	1.70892	0.0544375	1.70604	1.70892	0.0544375	1.44015e-09
6.21	1.6883	1.72933	0.054262	1.6883	1.72933	0.054262	1.44473e-09
6.22	1.67036	1.7496	0.0540839	1.67036	1.7496	0.0540839	1.44934e-09
6.23	1.65223	1.76974	0.0539033	1.65223	1.76974	0.0539033	1.45398e-09
6.24	1.63389	1.78973	0.0537202	1.63389	1.78973	0.0537202	1.45865e-09
6.25	1.61536	1.80957	0.0535346	1.61536	1.80957	0.0535346	1.46334e-09
6.26	1.59663	1.82927	0.0533468	1.59663	1.82927	0.0533468	1.46807e-09
6.27	1.57771	1.84882	0.0531566	1.57771	1.84882	0.0531566	1.47283e-09
6.28	1.55859	1.86822	0.0529643	1.55859	1.86822	0.0529643	1.47761e-09
6.29	1.53928	1.88746	0.0527697	1.53928	1.88746	0.0527697	1.48242e-09
6.3	1.51979	1.90655	0.0525731	1.51979	1.90655	0.0525731	1.48726e-09
6.31	1.5001	1.92549	0.0523744	1.5001	1.92549	0.0523744	1.49212e-09
6.32	1.48023	1.94426	0.0521738	1.48023	1.94426	0.0521738	1.49701e-09
6.33	1.46017	1.96287	0.0519712	1.46017	1.96287	0.0519712	1.50192e-09
6.34	1.43993	1.98131	0.0517668	1.43993	1.98131	0.0517668	1.50686e-09
6.35	1.41951	1.99959	0.0515606	1.41951	1.99959	0.0515606	1.51182e-09
6.36	1.39891	2.0177	0.0513527	1.39891	2.0177	0.0513527	1.5168e-09
6.37	1.37813	2.03564	0.0511432	1.37813	2.03564	0.0511432	1.5218e-09
6.38	1.35718	2.0534	0.0509321	1.35718	2.0534	0.0509321	1.52683e-09
6.39	1.33605	2.07099	0.0507194	1.33605	2.07099	0.0507194	1.53187e-09
6.4	1.31474	2.08841	0.0505054	1.31474	2.08841	0.0505054	1.53694e-09
6.41	1.29327	2.10564	0.0502899	1.29327	2.10564	0.0502899	1.54202e-09
6.42	1.27163	2.1227	0.0500731	1.27163	2.1227	0.0500731	1.54712e-09
6.43	1.24981	2.13957	0.0498551	1.24981	2.13957	0.0498551	1.55224e-09
6.44	1.22784	2.15625	0.0496358	1.22784	2.15625	0.0496358	1.55738e-09
6.45	1.2057	2.17275	0.0494155	1.2057	2.17275	0.0494155	1.56253e-09
6.46	1.18339	2.18905	0.0491941	1.18339	2.18905	0.0491941	1.5677e-09
6.47	1.16093	2.20517	0.0489717	1.16093	2.20517	0.0489717	1.57289e-09
6.48	1.13831	2.22109	0.0487484	1.13831	2.22109	0.0487484	1.57808e-09
6.49	1.11554	2.23682	0.0485242	1.11554	2.23682	0.0485242	1.58329e-09
6.5	1.09261	2.25235	0.0482993	1.09261	2.25235	0.0482993	1.58851e-09
6.51	1.06952	2.26768	0.0480736	1.06952	2.26768	0.0480736	1.59374e-09
6.52	1.04629	2.28281	0.0478472	1.04629	2.28281	0.0478472	1.59899e-09
6.53	1.02291	2.29774	0.0476203	1.02291	2.29774	0.0476203	1.60424e-09
6.54	0.999385	2.31246	0.0473928	0.999385	2.31246	0.0473928	1.6095e-09
6.55	0.975715	2.32697	0.0471648	0.975715	2.32697	0.0471648	1.61477e-09
6.56	0.951903	2.34128	0.0469364	0.951903	2.34128	0.0469364	1.62005e-09
6.57	0.927952	2.35538	0.0467076	0.927952	2.35538	0.0467076	1.62534e-09
6.58	0.903862	2.36926	0.0464786	0.903862	2.36926	0.0464786	1.63063e-09
6.59	0.879638	2.38293	0.0462493	0.879638	2.38293	0.0462493	1.63592e-09
6.6	0.85528	2.39638	0.0460198	0.85528	2.39638	0.0460198	1.64122e-09
6.61	0.83079	2.40962	0.0457902	0.83079	2.40962	0.0457902	1.64652e-09
6.62	0.806172	2.42264	0.0455606	0.806172	2.42264	0.0455606	1.65183e-09
6.63	0.781427	2.43543	0.045331	0.781427	2.43543	0.045331	1.65713e-09
6.64	0.756557	2.44801	0.0451013	0.756557	2.44801	0.0451013	1.66244e-09
6.65	0.731566	2.46036	0.0448718	0.731566	2.46036	0.0448718	1.66774e-09
6.66	0.706454	2.47248	0.0446425	0.706454	2.47248	0.0446425	1.67305e-09
6.67	0.681224	2.48438	0.0444134	0.681224	2.48438	0.0444134	1.67835e-09
6.68	0.655879	2.49604	0.0441845	0.655879	2.49604	0.0441845	1.68366e-09
6.69	0.63042	2.50748	0.043956	0.63042	2.50748	0.043956	1.68895e-09
6.7	0.604851	2.51868	0.0437278	0.604851	2.51868	0.0437278	1.69425e-09
6.71	0.579173	2.52965	0.0435	0.579173	2.52965	0.0435	1.69953e-09
6.72	0.553389	2.54038	0.0432727	0.553389	2.54038	0.0432727	1.70481e-09
6.73	0.5275	2.55088	0.0430458	0.5275	2.55088	0.0430458	1.71009e-09
6.74	0.501511	2.56113	0.0428196	0.501511	2.56113	0.0428196	1.71535e-09
6.75	0.475422	2.57115	0.0425939	0.475422	2.57115	0.0425939	1.72061e-09
6.76	0.449237	2.58093	0.0423689	0.449237	2.58093	0.0423689	1.72586e-09
6.77	0.422957	2.59046	0.0421446	0.422957	2.59046	0.0421446	1.7311e-09
6.78	0.396586	2.59975	0.0419209	0.396586	2.59975	0.0419209	1.73632e-09
6.79	0.370125	2.60879	0.0416981	0.370125	2.60879	0.0416981	1.74154e-09
6.8	0.343577	2.61758	0.041476	0.343577	2.61758	0.041476	1.74674e-09
6.81	0.316944	2.62613	0.0412548	0.316944	2.62613	0.0412548	1.75193e-09
6.82	0.29023	2.63443	0.0410345	0.29023	2.63443	0.0410345	1.7571e-09
6.83	0.263436	2.64247	0.0408151	0.263436	2.64247	0.0408151	1.76226e-09
6.84	0.236565	2.65027	0.0405966	0.236565	2.65027	0.0405966	1.7674e-09
6.85	0.209619	2.6578	0.0403792	0.209619	2.6578	0.0403792	1.77252e-09
6.86	0.182602	2.66509	0.0401627	0.182602	2.66509	0.0401627	1.77763e-09
6.87	0.155515	2.67212	0.0399473	0.155515	2.67212	0.0399473	1.78272e-09
6.88	0.128362	2.67889	0.039733	0.128362	2.67889	0.039733	1.78779e-09
6.89	0.101144	2.6854	0.0395198	0.101144	2.6854	0.0395198	1.79284e-09
6.9	0.0738641	2.69165	0.0393077	0.0738641	2.69165	0.0393077	1.79787e-09
6.91	0.0465254	2.69764	0.0390968	0.0465254	2.69764	0.0390968	1.80287e-09
6.92	0.0191302	2.70337	0.038887	0.0191302	2.70337	0.038887	1.80786e-09
6.93	-0.00831892	2.70884	0.0386785	-0.00831892	2.70884	0.0386785	1.81282e-09
6.94	-0.0358193	2.71404	0.0384713	-0.0358193	2.71404	0.0384713	1.81775e-09
6.95	-0.0633683	2.71898	0.0382652	-0.0633683	2.71898	0.0382652	1.82267e-09
6.96	-0.0909633	2.72365	0.0380605	-0.0909633	2.72365	0.0380605	1.82755e-09
6.97	-0.118602	2.72805	0.0378571	-0.118602	2.72805	0.0378571	1.83241e-09
6.98	-0.146281	2.73219	0.037655	-0.146281	2.73219	0.037655	1.83725e-09
6.99	-0.173998	2.73606	0.0374543	-0.173998	2.73606	0.0374543	1.84206e-09
7	-0.20175	2.73965	0.0372549	-0.20175	2.73965	0.0372549	1.84684e-09
7.01	-0.229535	2.74298	0.0370569	-0.229535	2.74298	0.0370569	1.85159e-09
7.02	-0.25735	2.74603	0.0368603	-0.25735	2.74603	0.0368603	1.85631e-09
7.03	-0.285192	2.74882	0.0366651	-0.285192	2.74882	0.0366651	1.861e-09
7.04	-0.313058	2.75132	0.0364714	-0.313058	2.75132	0.0364714	1.86566e-09
7.05	-0.340947	2.75356	0.036279	-0.340947	2.75356	0.036279	1.87029e-09
7.06	-0.368854	2.75552	0.0360882	-0.368854	2.75552	0.0360882	1.87489e-09
7.07	-0.396778	2.7572	0.0358988	-0.396778	2.7572	0.0358988	1.87946e-09
7.08	-0.424715	2.75861	0.0357108	-0.424715	2.75861	0.0357108	1.88399e-09
7.09	-0.452664	2.75974	0.0355244	-0.452664	2.75974	0.0355244	1.8885e-09
7.1	-0.48062	2.7606	0.0353394	-0.48062	2.7606	0.0353394	1.89297e-09
7.11	-0.508581	2.76117	0.035156	-0.508581	2.76117	0.035156	1.8974e-09
7.12	-0.536545	2.76147	0.0349741	-0.536545	2.76147	0.0349741	1.9018e-09
7.13	-0.564509	2.76149	0.0347937	-0.564509	2.76149	0.0347937	1.90617e-09
7.14	-0.59247	2.76123	0.0346148	-0.59247	2.76123	0.0346148	1.9105e-09
7.15	-0.620425	2.76068	0.0344374	-0.620425	2.76068	0.0344374	1.91479e-09
7.16	-0.648372	2.75986	0.0342616	-0.648372	2.75986	0.0342616	1.91905e-09
7.17	-0.676307	2.75876	0.0340873	-0.676307	2.75876	0.0340873	1.92327e-09
7.18	-0.704228	2.75737	0.0339146	-0.704228	2.75737	0.0339146	1.92746e-09
7.19	-0.732132	2.7557	0.0337434	-0.732132	2.7557	0.0337434	1.93161e-09
7.2	-0.760016	2.75375	0.0335737	-0.760016	2.75375	0.0335737	1.93572e-09
7.21	-0.787877	2.75152	0.0334056	-0.787877	2.75152	0.0334056	1.9398e-09
7.22	-0.815713	2.749	0.0332391	-0.815713	2.749	0.0332391	1.94383e-09
7.23	-0.843521	2.7462	0.0330741	-0.843521	2.7462	0.0330741	1.94783e-09
7.24	-0.871298	2.74311	0.0329107	-0.871298	2.74311	0.0329107	1.95179e-09
7.25	-0.89904	2.73974	0.0327488	-0.89904	2.73974	0.0327488	1.95572e-09
7.26	-0.926746	2.73609	0.0325885	-0.926746	2.73609	0.0325885	1.9596e-09
7.27	-0.954413	2.73215	0.0324297	-0.954413	2.73215	0.0324297	1.96345e-09
7.28	-0.982037	2.72793	0.0322725	-0.982037	2.72793	0.0322725	1.96726e-09
7.29	-1.00962	2.72342	0.0321168	-1.00962	2.72342	0.0321168	1.97102e-09
7.3	-1.03715	2.71863	0.0319626	-1.03715	2.71863	0.0319626	1.97476e-09
7.31	-1.06463	2.71356	0.03181	-1.06463	2.71356	0.03181	1.97845e-09
7.32	-1.09205	2.70819	0.031659	-1.09205	2.70819	0.031659	1.9821e-09
7.33	-1.11942	2.70255	0.0315094	-1.11942	2.70255	0.0315094	1.98571e-09
7.34	-1.14673	2.69662	0.0313614	-1.14673	2.69662	0.0313614	1.98929e-09
7.35	-1.17398	2.6904	0.031215	-1.17398	2.6904	0.031215	1.99282e-09
7.36	-1.20116	2.6839	0.03107	-1.20116	2.6839	0.03107	1.99632e-09
7.37	-1.22828	2.67711	0.0309266	-1.22828	2.67711	0.0309266	1.99978e-09
7.38	-1.25532	2.67004	0.0307847	-1.25532	2.67004	0.0307847	2.0032e-09
7.39	-1.2823	2.66268	0.0306442	-1.2823	2.66268	0.0306442	2.00658e-09
7.4	-1.30919	2.65504	0.0305053	-1.30919	2.65504	0.0305053	2.00993e-09
7.41	-1.33601	2.64712	0.0303679	-1.33601	2.64712	0.0303679	2.01323e-09
7.42	-1.36274	2.63891	0.0302319	-1.36274	2.63891	0.0302319	2.0165e-09
7.43	-1.38939	2.63042	0.0300975	-1.38939	2.63042	0.0300975	2.01973e-09
7.44	-1.41595	2.62165	0.0299645	-1.41595	2.62165	0.0299645	2.02292e-09
7.45	-1.44242	2.61259	0.029833	-1.44242	2.61259	0.029833	2.02607e-09
7.46	-1.4688	2.60325	0.0297029	-1.4688	2.60325	0.0297029	2.02919e-09
7.47	-1.49508	2.59363	0.0295743	-1.49508	2.59363	0.0295743	2.03227e-09
7.48	-1.52126	2.58372	0.0294471	-1.52126	2.58372	0.0294471	2.03532e-09
7.49	-1.54734	2.57354	0.0293214	-1.54734	2.57354	0.0293214	2.03833e-09
7.5	-1.57332	2.56307	0.0291971	-1.57332	2.56307	0.0291971	2.0413e-09
7.51	-1.59918	2.55232	0.0290742	-1.59918	2.55232	0.0290742	2.04423e-09
7.52	-1.62494	2.5413	0.0289527	-1.62494	2.5413	0.0289527	2.04714e-09
7.53	-1.65059	2.52999	0.0288326	-1.65059	2.52999	0.0288326	2.05e-09
7.54	-1.67612	2.5184	0.028714	-1.67612	2.5184	0.028714	2.05284e-09
7.55	-1.70153	2.50654	0.0285967	-1.70153	2.50654	0.0285967	2.05563e-09
7.56	-1.72682	2.4944	0.0284808	-1.72682	2.4944	0.0284808	2.0584e-09
7.57	-1.75199	2.48198	0.0283662	-1.75199	2.48198	0.0283662	2.06113e-09
7.58	-1.77703	2.46929	0.0282531	-1.77703	2.46929	0.0282531	2.06383e-09
7.59	-1.80194	2.45632	0.0281413	-1.80194	2.45632	0.0281413	2.0665e-09
7.6	-1.82671	2.44308	0.0280308	-1.82671	2.44308	0.0280308	2.06914e-09
7.61	-1.85136	2.42956	0.0279217	-1.85136	2.42956	0.0279217	2.07174e-09
7.62	-1.87586	2.41577	0.0278139	-1.87586	2.41577	0.0278139	2.07432e-09
7.63	-1.90023	2.4017	0.0277074	-1.90023	2.4017	0.0277074	2.07686e-09
7.64	-1.92445	2.38737	0.0276022	-1.92445	2.38737	0.0276022	2.07938e-09
7.65	-1.94853	2.37276	0.0274983	-1.94853	2.37276	0.0274983	2.08186e-09
7.66	-1.97245	2.35789	0.0273958	-1.97245	2.35789	0.0273958	2.08432e-09
7.67	-1.99623	2.34275	0.0272945	-1.99623	2.34275	0.0272945	2.08676e-09
7.68	-2.01985	2.32734	0.0271945	-2.01985	2.32734	0.0271945	2.08916e-09
7.69	-2.04332	2.31166	0.0270957	-2.04332	2.31166	0.0270957	2.09154e-09
7.7	-2.06663	2.29572	0.0269983	-2.06663	2.29572	0.0269983	2.09389e-09
7.71	-2.08977	2.27951	0.026902	-2.08977	2.27951	0.026902	2.09622e-09
7.72	-2.11276	2.26304	0.026807	-2.11276	2.26304	0.026807	2.09853e-09
7.73	-2.13557	2.24631	0.0267133	-2.13557	2.24631	0.0267133	2.10081e-09
7.74	-2.15822	2.22931	0.0266208	-2.15822	2.22931	0.0266208	2.10307e-09
7.75	-2.18069	2.21206	0.0265294	-2.18069	2.21206	0.0265294	2.10531e-09
7.76	-2.20299	2.19455	0.0264393	-2.20299	2.19455	0.0264393	2.10752e-09
7.77	-2.22511	2.17678	0.0263504	-2.22511	2.17678	0.0263504	2.10972e-09
7.78	-2.24705	2.15875	0.0262627	-2.24705	2.15875	0.0262627	2.1119e-09
7.79	-2.26881	2.14047	0.0261762	-2.26881	2.14047	0.0261762	2.11405e-09
7.8	-2.29038	2.12194	0.0260909	-2.29038	2.12194	0.0260909	2.11619e-09
7.81	-2.31177	2.10316	0.0260067	-2.31177	2.10316	0.0260067	2.11832e-09
7.82	-2.33296	2.08412	0.0259237	-2.33296	2.08412	0.0259237	2.12043e-09
7.83	-2.35397	2.06483	0.0258418	-2.35397	2.06483	0.0258418	2.12252e-09
7.84	-2.37478	2.0453	0.0257611	-2.37478	2.0453	0.0257611	2.1246e-09
7.85	-2.39539	2.02552	0.0256815	-2.39539	2.02552	0.0256815	2.12666e-09
7.86	-2.4158	2.00549	0.0256031	-2.4158	2.00549	0.0256031	2.12871e-09
7.87	-2.43601	1.98523	0.0255257	-2.43601	1.98523	0.0255257	2.13075e-09
7.88	-2.45601	1.96472	0.0254495	-2.45601	1.96472	0.0254495	2.13278e-09
7.89	-2.47581	1.94396	0.0253744	-2.47581	1.94396	0.0253744	2.1348e-09
7.9	-2.4954	1.92298	0.0253004	-2.4954	1.92298	0.0253004	2.13682e-09
7.91	-2.51478	1.90175	0.0252275	-2.51478	1.90175	0.0252275	2.13882e-09
7.92	-2.53394	1.88029	0.0251556	-2.53394	1.88029	0.0251556	2.14082e-09
7.93	-2.55288	1.85859	0.0250849	-2.55288	1.85859	0.0250849	2.14281e-09
7.94	-2.57161	1.83666	0.0250152	-2.57161	1.83666	0.0250152	2.1448e-09
7.95	-2.59012	1.81451	0.0249465	-2.59012	1.81451	0.0249465	2.14678e-09
7.96	-2.6084	1.79212	0.024879	-2.6084	1.79212	0.024879	2.14876e-09
7.97	-2.62646	1.76951	0.0248125	-2.62646	1.76951	0.0248125	2.15074e-09
7.98	-2.64428	1.74667	0.024747	-2.64428	1.74667	0.024747	2.15271e-09
7.99	-2.66188	1.72361	0.0246825	-2.66188	1.72361	0.0246825	2.15469e-09
8	-2.67925	1.70033	0.0246191	-2.67925	1.70033	0.0246191	2.15667e-09
8.01	-2.69638	1.67683	0.0245567	-2.69638	1.67683	0.0245567	2.15865e-09
8.02	-2.71328	1.65311	0.0244954	-2.71328	1.65311	0.0244954	2.16064e-09
8.03	-2.72993	1.62917	0.024435	-2.72993	1.62917	0.024435	2.16263e-09
8.04	-2.74635	1.60503	0.0243757	-2.74635	1.60503	0.0243757	2.16463e-09
8.05	-2.76252	1.58067	0.0243173	-2.76252	1.58067	0.0243173	2.16663e-09
8.06	-2.77845	1.5561	0.0242599	-2.77845	1.5561	0.0242599	2.16864e-09
8.07	-2.79413	1.53132	0.0242036	-2.79413	1.53132	0.0242036	2.17066e-09
8.08	-2.80956	1.50634	0.0241482	-2.80956	1.50634	0.0241482	2.17269e-09
8.09	-2.82474	1.48116	0.0240938	-2.82474	1.48116	0.0240938	2.17473e-09
8.1	-2.83966	1.45577	0.0240403	-2.83966	1.45577	0.0240403	2.17678e-09
8.11	-2.85433	1.43019	0.0239878	-2.85433	1.43019	0.0239878	2.17885e-09
8.12	-2.86874	1.40441	0.0239363	-2.86874	1.40441	0.0239363	2.18093e-09
8.13	-2.8829	1.37843	0.0238857	-2.8829	1.37843	0.0238857	2.18303e-09
8.14	-2.89679	1.35227	0.0238361	-2.89679	1.35227	0.0238361	2.18515e-09
8.15	-2.91042	1.32591	0.0237875	-2.91042	1.32591	0.0237875	2.18728e-09
8.16	-2.92378	1.29936	0.0237397	-2.92378	1.29936	0.0237397	2.18943e-09
8.17	-2.93688	1.27263	0.0236929	-2.93688	1.27263	0.0236929	2.1916e-09
8.18	-2.94971	1.24572	0.0236471	-2.94971	1.24572	0.0236471	2.19379e-09
8.19	-2.96227	1.21862	0.0236021	-2.96227	1.21862	0.0236021	2.19601e-09
8.2	-2.97455	1.19135	0.0235581	-2.97455	1.19135	0.0235581	2.19825e-09
8.21	-2.98656	1.16389	0.023515	-2.98656	1.16389	0.023515	2.20051e-09
8.22	-2.9983	1.13627	0.0234728	-2.9983	1.13627	0.0234728	2.2028e-09
8.23	-3.00976	1.10847	0.0234315	-3.00976	1.10847	0.0234315	2.20512e-09
8.24	-3.02094	1.08051	0.0233912	-3.02094	1.08051	0.0233912	2.20747e-09
8.25	-3.03184	1.05238	0.0233517	-3.03184	1.05238	0.0233517	2.20984e-09
8.26	-3.04245	1.02408	0.0233131	-3.04245	1.02408	0.0233131	2.21225e-09
8.27	-3.05278	0.995627	0.0232754	-3.05278	0.995627	0.0232754	2.21468e-09
8.28	-3.06283	0.967011	0.0232386	-3.06283	0.967011	0.0232386	2.21715e-09
8.29	-3.07259	0.938239	0.0232027	-3.07259	0.938239	0.0232027	2.21966e-09
8.3	-3.08206	0.909313	0.0231676	-3.08206	0.909313	0.0231676	2.2222e-09
8.31	-3.09124	0.880236	0.0231335	-3.09124	0.880236	0.0231335	2.22477e-09
8.32	-3.10013	0.85101	0.0231002	-3.10013	0.85101	0.0231002	2.22738e-09
8.33	-3.10872	0.821638	0.0230678	-3.10872	0.821638	0.0230678	2.23003e-09
8.34	-3.11702	0.792123	0.0230363	-3.11702	0.792123	0.0230363	2.23272e-09
8.35	-3.12502	0.762467	0.0230056	-3.12502	0.762467	0.0230056	2.23545e-09
8.36	-3.13273	0.732674	0.0229758	-3.13273	0.732674	0.0229758	2.23822e-09
8.37	-3.14013	0.702744	0.0229468	-3.14013	0.702744	0.0229468	2.24103e-09
8.38	-3.14724	0.672683	0.0229187	-3.14724	0.672683	0.0229187	2.24389e-09
8.39	-3.15405	0.642491	0.0228915	-3.15405	0.642491	0.0228915	2.24679e-09
8.4	-3.16055	0.612173	0.0228651	-3.16055	0.612173	0.0228651	2.24973e-09
8.41	-3.16675	0.58173	0.0228395	-3.16675	0.58173	0.0228395	2.25272e-09
8.42	-3.17264	0.551166	0.0228148	-3.17264	0.551166	0.0228148	2.25576e-09
8.43	-3.17823	0.520483	0.022791	-3.17823	0.520483	0.022791	2.25885e-09
8.44	-3.1835	0.489684	0.0227679	-3.1835	0.489684	0.0227679	2.26199e-09
8.45	-3.18847	0.458772	0.0227458	-3.18847	0.458772	0.0227458	2.26517e-09
8.46	-3.19313	0.427751	0.0227244	-3.19313	0.427751	0.0227244	2.26841e-09
8.47	-3.19748	0.396622	0.0227039	-3.19748	0.396622	0.0227039	2.2717e-09
8.48	-3.20152	0.365388	0.0226843	-3.20152	0.365388	0.0226843	2.27504e-09
8.49	-3.20524	0.334054	0.0226655	-3.20524	0.334054	0.0226655	2.27843e-09
8.5	-3.20865	0.302621	0.0226475	-3.20865	0.302621	0.0226475	2.28188e-09
8.51	-3.21175	0.271092	0.0226303	-3.21175	0.271092	0.0226303	2.28539e-09
8.52	-3.21453	0.239471	0.0226139	-3.21453	0.239471	0.0226139	2.28895e-09
8.53	-3.21699	0.20776	0.0225984	-3.21699	0.20776	0.0225984	2.29257e-09
8.54	-3.21914	0.175963	0.0225837	-3.21914	0.175963	0.0225837	2.29624e-09
8.55	-3.22096	0.144083	0.0225699	-3.22096	0.144083	0.0225699	2.29997e-09
8.56	-3.22247	0.112121	0.0225568	-3.22247	0.112121	0.0225568	2.30376e-09
8.57	-3.22366	0.0800827	0.0225446	-3.22366	0.0800827	0.0225446	2.30761e-09
8.58	-3.22452	0.0479697	0.0225332	-3.22452	0.0479697	0.0225332	2.31153e-09
8.59	-3.22506	0.0157852	0.0225227	-3.22506	0.0157852	0.0225227	2.3155e-09
8.6	-3.22529	-0.0164675	0.0225129	-3.22529	-0.0164675	0.0225129	2.31953e-09
8.61	-3.22519	-0.0487853	0.022504	-3.22519	-0.0487853	0.022504	2.32363e-09
8.62	-3.22476	-0.0811653	0.0224959	-3.22476	-0.0811653	0.0224959	2.32778e-09
8.63	-3.22401	-0.113604	0.0224886	-3.22401	-0.113604	0.0224886	2.33201e-09
8.64	-3.22294	-0.146099	0.0224821	-3.22294	-0.146099	0.0224821	2.33629e-09
8.65	-3.22154	-0.178646	0.0224764	-3.22154	-0.178646	0.0224764	2.34064e-09
8.66	-3.21981	-0.211243	0.0224716	-3.21981	-0.211243	0.0224716	2.34505e-09
8.67	-3.21776	-0.243887	0.0224676	-3.21776	-0.243887	0.0224676	2.34953e-09
8.68	-3.21539	-0.276573	0.0224644	-3.21539	-0.276573	0.0224644	2.35407e-09
8.69	-3.21268	-0.309299	0.022462	-3.21268	-0.309299	0.022462	2.35868e-09
8.7	-3.20965	-0.342063	0.0224605	-3.20965	-0.342063	0.0224605	2.36336e-09
8.71	-3.20629	-0.37486	0.0224597	-3.20629	-0.37486	0.0224597	2.3681e-09
8.72	-3.2026	-0.407687	0.0224598	-3.2026	-0.407687	0.0224598	2.3729e-09
8.73	-3.19858	-0.440541	0.0224607	-3.19858	-0.440541	0.0224607	2.37778e-09
8.74	-3.19424	-0.47342	0.0224624	-3.19424	-0.47342	0.0224624	2.38272e-09
8.75	-3.18957	-0.506319	0.022465	-3.18957	-0.506319	0.022465	2.38773e-09
8.76	-3.18456	-0.539235	0.0224684	-3.18456	-0.539235	0.0224684	2.3928e-09
8.77	-3.17923	-0.572166	0.0224726	-3.17923	-0.572166	0.0224726	2.39795e-09
8.78	-3.17357	-0.605107	0.0224776	-3.17357	-0.605107	0.0224776	2.40316e-09
8.79	-3.16758	-0.638057	0.0224834	-3.16758	-0.638057	0.0224834	2.40844e-09
8.8	-3.16126	-0.67101	0.0224901	-3.16126	-0.67101	0.0224901	2.41378e-09
8.81	-3.15461	-0.703965	0.0224976	-3.15461	-0.703965	0.0224976	2.4192e-09
8.82	-3.14763	-0.736917	0.022506	-3.14763	-0.736917	0.022506	2.42468e-09
8.83	-3.14032	-0.769864	0.0225151	-3.14032	-0.769864	0.0225151	2.43023e-09
8.84	-3.13268	-0.802802	0.0225251	-3.13268	-0.802802	0.0225251	2.43585e-09
8.85	-3.12471	-0.835727	0.022536	-3.12471	-0.835727	0.022536	2.44153e-09
8.86	-3.11642	-0.868638	0.0225477	-3.11642	-0.868638	0.0225477	2.44728e-09
8.87	-3.10779	-0.901529	0.0225602	-3.10779	-0.901529	0.0225602	2.4531e-09
8.88	-3.09884	-0.934399	0.0225736	-3.09884	-0.934399	0.0225736	2.45899e-09
8.89	-3.08956	-0.967242	0.0225878	-3.08956	-0.967242	0.0225878	2.46494e-09
8.9	-3.07994	-1.00006	0.0226028	-3.07994	-1.00006	0.0226028	2.47096e-09
8.91	-3.07001	-1.03284	0.0226187	-3.07001	-1.03284	0.0226187	2.47704e-09
8.92	-3.05974	-1.06559	0.0226355	-3.05974	-1.06559	0.0226355	2.4832e-09
8.93	-3.04915	-1.0983	0.0226531	-3.04915	-1.0983	0.0226531	2.48941e-09
8.94	-3.03823	-1.13096	0.0226716	-3.03823	-1.13096	0.0226716	2.49569e-09
8.95	-3.02698	-1.16358	0.0226909	-3.02698	-1.16358	0.0226909	2.50204e-09
8.96	-3.01541	-1.19616	0.0227111	-3.01541	-1.19616	0.0227111	2.50845e-09
8.97	-3.00351	-1.22868	0.0227322	-3.00351	-1.22868	0.0227322	2.51493e-09
8.98	-2.99129	-1.26114	0.0227541	-2.99129	-1.26114	0.0227541	2.52147e-09
8.99	-2.97875	-1.29354	0.0227769	-2.97875	-1.29354	0.0227769	2.52807e-09
9	-2.96588	-1.32589	0.0228006	-2.96588	-1.32589	0.0228006	2.53473e-09
9.01	-2.95268	-1.35816	0.0228252	-2.95268	-1.35816	0.0228252	2.54146e-09
9.02	-2.93917	-1.39037	0.0228506	-2.93917	-1.39037	0.0228506	2.54824e-09
9.03	-2.92533	-1.42251	0.022877	-2.92533	-1.42251	0.022877	2.55509e-09
9.04	-2.91118	-1.45457	0.0229042	-2.91118	-1.45457	0.0229042	2.562e-09
9.05	-2.8967	-1.48655	0.0229323	-2.8967	-1.48655	0.0229323	2.56896e-09
9.06	-2.88191	-1.51845	0.0229614	-2.88191	-1.51845	0.0229614	2.57599e-09
9.07	-2.86679	-1.55026	0.0229913	-2.86679	-1.55026	0.0229913	2.58307e-09
9.08	-2.85136	-1.58198	0.0230221	-2.85136	-1.58198	0.0230221	2.59021e-09
9.09	-2.83561	-1.61361	0.0230539	-2.83561	-1.61361	0.0230539	2.59741e-09
9.1	-2.81955	-1.64515	0.0230866	-2.81955	-1.64515	0.0230866	2.60466e-09
9.11	-2.80317	-1.67658	0.0231201	-2.80317	-1.67658	0.0231201	2.61197e-09
9.12	-2.78648	-1.70792	0.0231547	-2.78648	-1.70792	0.0231547	2.61933e-09
9.13	-2.76948	-1.73914	0.0231901	-2.76948	-1.73914	0.0231901	2.62674e-09
9.14	-2.75216	-1.77026	0.0232265	-2.75216	-1.77026	0.0232265	2.63421e-09
9.15	-2.73454	-1.80127	0.0232638	-2.73454	-1.80127	0.0232638	2.64172e-09
9.16	-2.7166	-1.83216	0.0233021	-2.7166	-1.83216	0.0233021	2.64929e-09
9.17	-2.69836	-1.86293	0.0233413	-2.69836	-1.86293	0.0233413	2.65691e-09
9.18	-2.67981	-1.89357	0.0233815	-2.67981	-1.89357	0.0233815	2.66457e-09
9.19	-2.66096	-1.9241	0.0234227	-2.66096	-1.9241	0.0234227	2.67228e-09
9.2	-2.6418	-1.95449	0.0234648	-2.6418	-1.95449	0.0234648	2.68004e-09
9.21	-2.62234	-1.98475	0.0235079	-2.62234	-1.98475	0.0235079	2.68785e-09
9.22	-2.60257	-2.01487	0.023552	-2.60257	-2.01487	0.023552	2.69569e-09
9.23	-2.58251	-2.04486	0.0235971	-2.58251	-2.04486	0.0235971	2.70359e-09
9.24	-2.56215	-2.0747	0.0236431	-2.56215	-2.0747	0.0236431	2.71152e-09
9.25	-2.54149	-2.1044	0.0236902	-2.54149	-2.1044	0.0236902	2.71949e-09
9.26	-2.52053	-2.13395	0.0237383	-2.52053	-2.13395	0.0237383	2.72751e-09
9.27	-2.49929	-2.16335	0.0237874	-2.49929	-2.16335	0.0237874	2.73556e-09
9.28	-2.47774	-2.19259	0.0238375	-2.47774	-2.19259	0.0238375	2.74366e-09
9.29	-2.45591	-2.22167	0.0238886	-2.45591	-2.22167	0.0238886	2.75178e-09
9.3	-2.43379	-2.25059	0.0239408	-2.43379	-2.25059	0.0239408	2.75995e-09
9.31	-2.41138	-2.27935	0.0239941	-2.41138	-2.27935	0.0239941	2.76815e-09
9.32	-2.38868	-2.30793	0.0240483	-2.38868	-2.30793	0.0240483	2.77638e-09
9.33	-2.3657	-2.33635	0.0241037	-2.3657	-2.33635	0.0241037	2.78464e-09
9.34	-2.34244	-2.36459	0.0241601	-2.34244	-2.36459	0.0241601	2.79294e-09
9.35	-2.31889	-2.39266	0.0242176	-2.31889	-2.39266	0.0242176	2.80126e-09
9.36	-2.29507	-2.42054	0.0242761	-2.29507	-2.42054	0.0242761	2.80961e-09
9.37	-2.27097	-2.44824	0.0243358	-2.27097	-2.44824	0.0243358	2.81799e-09
9.38	-2.24659	-2.47575	0.0243965	-2.24659	-2.47575	0.0243965	2.8264e-09
9.39	-2.22194	-2.50307	0.0244584	-2.22194	-2.50307	0.0244584	2.83483e-09
9.4	-2.19702	-2.5302	0.0245214	-2.19702	-2.5302	0.0245214	2.84328e-09
9.41	-2.17183	-2.55713	0.0245855	-2.17183	-2.55713	0.0245855	2.85176e-09
9.42	-2.14637	-2.58387	0.0246507	-2.14637	-2.58387	0.0246507	2.86026e-09
9.43	-2.12065	-2.6104	0.0247171	-2.12065	-2.6104	0.0247171	2.86877e-09
9.44	-2.09466	-2.63672	0.0247846	-2.09466	-2.63672	0.0247846	2.87731e-09
9.45	-2.06841	-2.66283	0.0248534	-2.06841	-2.66283	0.0248534	2.88586e-09
9.46	-2.0419	-2.68874	0.0249232	-2.0419	-2.68874	0.0249232	2.89443e-09
9.47	-2.01513	-2.71443	0.0249943	-2.01513	-2.71443	0.0249943	2.90301e-09
9.48	-1.98811	-2.7399	0.0250666	-1.98811	-2.7399	0.0250666	2.9116e-09
9.49	-1.96084	-2.76515	0.02514	-1.96084	-2.76515	0.02514	2.92021e-09
9.5	-1.93331	-2.79017	0.0252147	-1.93331	-2.79017	0.0252147	2.92882e-09
9.51	-1.90554	-2.81497	0.0252906	-1.90554	-2.81497	0.0252906	2.93745e-09
9.52	-1.87752	-2.83954	0.0253677	-1.87752	-2.83954	0.0253677	2.94608e-09
9.53	-1.84926	-2.86388	0.0254461	-1.84926	-2.86388	0.0254461	2.95472e-09
9.54	-1.82075	-2.88798	0.0255257	-1.82075	-2.88798	0.0255257	2.96337e-09
9.55	-1.79201	-2.91185	0.0256066	-1.79201	-2.91185	0.0256066	2.97202e-09
9.56	-1.76303	-2.93547	0.0256888	-1.76303	-2.93547	0.0256888	2.98067e-09
9.57	-1.73381	-2.95885	0.0257723	-1.73381	-2.95885	0.0257723	2.98933e-09
9.58	-1.70437	-2.98198	0.0258571	-1.70437	-2.98198	0.0258571	2.99798e-09
9.59	-1.67469	-3.00486	0.0259432	-1.67469	-3.00486	0.0259432	3.00663e-09
9.6	-1.64479	-3.02749	0.0260307	-1.64479	-3.02749	0.0260307	3.01528e-09
9.61	-1.61466	-3.04987	0.0261194	-1.61466	-3.04987	0.0261194	3.02393e-09
9.62	-1.58431	-3.07198	0.0262096	-1.58431	-3.07198	0.0262096	3.03257e-09
9.63	-1.55375	-3.09384	0.0263011	-1.55375	-3.09384	0.0263011	3.0412e-09
9.64	-1.52296	-3.11543	0.0263939	-1.52296	-3.11543	0.0263939	3.04983e-09
9.65	-1.49197	-3.13676	0.0264882	-1.49197	-3.13676	0.0264882	3.05845e-09
9.66	-1.46076	-3.15782	0.0265839	-1.46076	-3.15782	0.0265839	3.06705e-09
9.67	-1.42934	-3.17861	0.026681	-1.42934	-3.17861	0.026681	3.07565e-09
9.68	-1.39772	-3.19912	0.0267795	-1.39772	-3.19912	0.0267795	3.08423e-09
9.69	-1.3659	-3.21936	0.0268795	-1.3659	-3.21936	0.0268795	3.0928e-09
9.7	-1.33387	-3.23931	0.026981	-1.33387	-3.23931	0.026981	3.10135e-09
9.71	-1.30165	-3.25899	0.0270839	-1.30165	-3.25899	0.0270839	3.10989e-09
9.72	-1.26924	-3.27838	0.0271883	-1.26924	-3.27838	0.0271883	3.11841e-09
9.73	-1.23663	-3.29749	0.0272943	-1.23663	-3.29749	0.0272943	3.12691e-09
9.74	-1.20383	-3.3163	0.0274017	-1.20383	-3.3163	0.0274017	3.13539e-09
9.75	-1.17085	-3.33483	0.0275107	-1.17085	-3.33483	0.0275107	3.14384e-09
9.76	-1.13769	-3.35306	0.0276213	-1.13769	-3.35306	0.0276213	3.15228e-09
9.77	-1.10434	-3.37099	0.0277334	-1.10434	-3.37099	0.0277334	3.16069e-09
9.78	-1.07082	-3.38863	0.0278472	-1.07082	-3.38863	0.0278472	3.16908e-09
9.79	-1.03713	-3.40596	0.0279625	-1.03713	-3.40596	0.0279625	3.17744e-09
9.8	-1.00326	-3.423	0.0280794	-1.00326	-3.423	0.0280794	3.18577e-09
9.81	-0.969233	-3.43972	0.028198	-0.969233	-3.43972	0.028198	3.19407e-09
9.82	-0.935036	-3.45614	0.0283182	-0.935036	-3.45614	0.0283182	3.20235e-09
9.83	-0.900677	-3.47225	0.0284402	-0.900677	-3.47225	0.0284402	3.21059e-09
9.84	-0.86616	-3.48804	0.0285638	-0.86616	-3.48804	0.0285638	3.2188e-09
9.85	-0.831489	-3.50352	0.0286891	-0.831489	-3.50352	0.0286891	3.22698e-09
9.86	-0.796665	-3.51868	0.0288161	-0.796665	-3.51868	0.0288161	3.23512e-09
9.87	-0.761692	-3.53353	0.0289449	-0.761692	-3.53353	0.0289449	3.24323e-09
9.88	-0.726574	-3.54805	0.0290755	-0.726574	-3.54805	0.0290755	3.2513e-09
9.89	-0.691314	-3.56225	0.0292078	-0.691314	-3.56225	0.0292078	3.25933e-09
9.9	-0.655915	-3.57613	0.0293419	-0.655915	-3.57613	0.0293419	3.26733e-09
9.91	-0.620379	-3.58967	0.0294779	-0.620379	-3.58967	0.0294779	3.27529e-09
9.92	-0.584712	-3.60289	0.0296157	-0.584712	-3.60289	0.0296157	3.2832e-09
9.93	-0.548915	-3.61578	0.0297554	-0.548915	-3.61578	0.0297554	3.29108e-09
9.94	-0.512992	-3.62833	0.029897	-0.512992	-3.62833	0.029897	3.29891e-09
9.95	-0.476947	-3.64055	0.0300404	-0.476947	-3.64055	0.0300404	3.3067e-09
9.96	-0.440783	-3.65243	0.0301858	-0.440783	-3.65243	0.0301858	3.31444e-09
9.97	-0.404504	-3.66397	0.0303331	-0.404504	-3.66397	0.0303331	3.32214e-09
9.98	-0.368112	-3.67518	0.0304824	-0.368112	-3.67518	0.0304824	3.3298e-09
9.99	-0.331611	-3.68604	0.0306337	-0.331611	-3.68604	0.0306337	3.3374e-09
10	-0.295005	-3.69655	0.030787	-0.295005	-3.69655	0.030787	3.34496e-09
